NAME : Leuven1_N101_b4
DIMENSION : 101
EDGE_WEIGHT_TYPE : EUC_2D  
NODE_COORD_SECTION  
0 700 1000
1 654 1291
2 674 932
3 794 1164
4 541 1056
5 574 964
6 678 1004
7 951 1042
8 711 1133
9 728 1138
10 683 1147
11 541 969
12 822 824
13 777 1318
14 627 1351
15 613 682
16 858 1475
17 900 1225
18 625 1052
19 812 1362
20 697 1089
21 660 1289
22 659 1007
23 1073 978
24 616 1164
25 692 1269
26 976 1385
27 679 1317
28 601 1421
29 510 1376
30 644 1370
31 767 1579
32 503 1473
33 455 1295
34 423 1172
35 1047 1353
36 753 1552
37 459 1435
38 490 1186
39 616 1380
40 1071 962
41 526 1222
42 853 691
43 526 1226
44 608 1380
45 831 1235
46 898 1068
47 812 1535
48 882 1101
49 645 667
50 887 1002
51 702 1345
52 690 1273
53 631 1327
54 732 1153
55 914 1041
56 1001 1431
57 605 1558
58 625 1041
59 698 1092
60 454 1273
61 609 1437
62 459 1041
63 683 1078
64 863 1054
65 1057 1072
66 751 527
67 324 1242
68 979 785
69 1002 908
70 627 990
71 297 1139
72 570 1555
73 581 1127
74 458 1282
75 684 1011
76 1005 1447
77 1240 1031
78 367 1201
79 1256 1148
80 735 1524
81 701 1595
82 1031 1211
83 370 1323
84 523 1240
85 905 1196
86 993 1267
87 1115 1424
88 1081 1104
89 193 1439
90 873 243
91 954 1617
92 506 1640
93 868 1765
94 798 1783
95 941 177
96 958 83
97 180 1570
98 916 1778
99 229 1468
100 567 367
DEMAND_SECTION  
0 0
1 1
2 2
3 1
4 1
5 3
6 1
7 1
8 1
9 1
10 1
11 1
12 1
13 1
14 2
15 1
16 2
17 3
18 1
19 1
20 1
21 1
22 1
23 1
24 3
25 3
26 2
27 2
28 2
29 2
30 1
31 3
32 3
33 2
34 1
35 3
36 1
37 2
38 1
39 1
40 3
41 1
42 3
43 2
44 1
45 1
46 2
47 2
48 1
49 2
50 2
51 1
52 1
53 1
54 1
55 1
56 2
57 1
58 2
59 1
60 1
61 1
62 1
63 1
64 1
65 1
66 1
67 3
68 1
69 2
70 3
71 3
72 3
73 1
74 3
75 3
76 1
77 2
78 1
79 1
80 2
81 1
82 1
83 1
84 1
85 2
86 1
87 2
88 1
89 1
90 2
91 1
92 1
93 1
94 1
95 1
96 1
97 2
98 2
99 3
100 2
SERVING_TIME_BY_THE_TRUCK 
0 0
1 3
2 4
3 3
4 5
5 3
6 3
7 3
8 5
9 3
10 4
11 5
12 3
13 5
14 4
15 4
16 3
17 5
18 5
19 4
20 4
21 3
22 4
23 3
24 3
25 5
26 3
27 5
28 5
29 5
30 5
31 5
32 2
33 4
34 3
35 4
36 4
37 2
38 2
39 2
40 2
41 4
42 3
43 4
44 4
45 2
46 5
47 5
48 2
49 2
50 4
51 3
52 4
53 2
54 4
55 4
56 5
57 4
58 3
59 4
60 4
61 3
62 4
63 2
64 5
65 3
66 5
67 4
68 4
69 3
70 3
71 4
72 3
73 3
74 4
75 5
76 3
77 4
78 4
79 5
80 3
81 2
82 4
83 5
84 4
85 3
86 3
87 4
88 2
89 3
90 5
91 4
92 4
93 3
94 3
95 3
96 2
97 4
98 2
99 3
100 4
EOF 
