NAME : Leuven1_N301_c4
DIMENSION : 301
EDGE_WEIGHT_TYPE : EUC_2D  
NODE_COORD_SECTION  
0 700 1000
1 646 1228
2 709 1289
3 834 752
4 482 1013
5 711 1133
6 674 1000
7 627 1047
8 825 1003
9 844 1069
10 562 1022
11 836 1110
12 772 1052
13 941 968
14 522 1075
15 798 1248
16 684 1011
17 710 1229
18 900 1197
19 455 1053
20 574 1015
21 659 1234
22 725 1175
23 908 1151
24 639 1121
25 539 1063
26 491 985
27 673 1164
28 781 1269
29 721 1137
30 562 1250
31 702 1147
32 787 1263
33 660 1282
34 574 1126
35 599 1221
36 651 1158
37 581 1127
38 730 1318
39 858 1475
40 1185 967
41 663 1535
42 675 1369
43 881 1337
44 1131 1161
45 1033 916
46 895 1258
47 212 1247
48 765 1449
49 1017 1005
50 356 1304
51 575 1518
52 1125 1034
53 881 1390
54 1084 1086
55 758 1472
56 740 1306
57 588 1288
58 914 1296
59 1050 1155
60 627 1351
61 299 1299
62 587 1366
63 663 1387
64 669 1404
65 594 1338
66 490 1509
67 398 1228
68 574 1424
69 855 733
70 909 1370
71 647 1312
72 1049 1469
73 1027 1092
74 970 1270
75 479 1456
76 446 1223
77 429 1139
78 585 1364
79 752 1160
80 689 1329
81 958 1385
82 724 1353
83 735 1294
84 688 1220
85 786 1283
86 480 1354
87 1122 1108
88 757 1283
89 532 1220
90 745 1233
91 660 941
92 621 1318
93 693 1033
94 717 1148
95 735 1126
96 593 1160
97 633 1236
98 970 1352
99 371 1487
100 700 1109
101 650 1189
102 464 1159
103 446 1214
104 825 1092
105 263 1391
106 724 1171
107 756 1183
108 475 1128
109 743 1375
110 468 1030
111 660 1289
112 578 1184
113 859 929
114 746 1387
115 458 1282
116 524 769
117 590 1572
118 934 1375
119 1046 1279
120 457 1023
121 578 1404
122 658 1280
123 503 1027
124 1044 1396
125 645 1229
126 650 1137
127 410 1383
128 686 1303
129 851 1252
130 898 1250
131 812 1566
132 485 1399
133 960 920
134 583 1372
135 758 1184
136 688 1221
137 972 1354
138 910 1280
139 651 1086
140 596 1587
141 617 479
142 704 1125
143 543 1031
144 1148 697
145 648 1363
146 668 1397
147 840 1264
148 671 1112
149 725 1193
150 831 1235
151 567 487
152 729 557
153 654 1291
154 590 883
155 516 1198
156 567 1017
157 639 1364
158 854 1152
159 664 1041
160 788 569
161 311 1187
162 607 1027
163 894 773
164 235 1375
165 779 1388
166 643 994
167 643 1196
168 606 1036
169 735 1306
170 1023 1317
171 667 1490
172 477 1511
173 766 1138
174 578 1199
175 689 1353
176 639 946
177 510 1033
178 877 963
179 338 1371
180 562 1234
181 633 1374
182 576 906
183 251 1338
184 590 1297
185 854 1193
186 803 1307
187 682 1293
188 1245 893
189 731 1362
190 823 1303
191 912 1082
192 723 1262
193 553 1312
194 444 1002
195 421 1185
196 742 1002
197 403 1344
198 734 1544
199 833 792
200 865 1287
201 712 1116
202 644 1370
203 662 1488
204 452 1532
205 777 1318
206 298 1129
207 1017 741
208 464 1199
209 503 1473
210 884 1070
211 842 1316
212 861 600
213 1042 1435
214 695 1156
215 473 1132
216 982 839
217 394 1252
218 887 1002
219 718 1128
220 602 1386
221 1029 1401
222 1076 765
223 546 998
224 977 1318
225 738 1175
226 741 1208
227 968 1377
228 644 1181
229 431 1176
230 688 1192
231 604 1492
232 277 1320
233 1015 1218
234 611 1534
235 634 1580
236 588 1319
237 1004 995
238 665 1398
239 616 1573
240 1113 1220
241 1168 983
242 944 1196
243 723 1582
244 513 1297
245 791 765
246 896 1166
247 459 1356
248 576 1328
249 616 1207
250 732 1260
251 1045 1280
252 625 1041
253 569 1519
254 974 923
255 634 1103
256 1097 1207
257 562 1548
258 963 1261
259 832 1160
260 801 1128
261 936 1356
262 952 1020
263 580 1204
264 1050 1876
265 609 274
266 1066 1813
267 1033 1709
268 979 1703
269 489 179
270 828 1751
271 1067 1831
272 577 222
273 833 327
274 876 352
275 941 1792
276 1031 165
277 220 1479
278 543 1720
279 800 1746
280 995 1653
281 318 1555
282 455 1574
283 1024 1844
284 825 1731
285 807 1791
286 420 1640
287 941 177
288 1010 1696
289 873 243
290 308 1638
291 571 254
292 274 1454
293 1036 1685
294 1002 1753
295 1078 1890
296 614 159
297 1019 1681
298 332 1509
299 112 1592
300 996 1851
DEMAND_SECTION  
0 0 
1 3
2 1
3 2
4 2
5 1
6 2
7 2
8 2
9 2
10 1
11 3
12 1
13 1
14 1
15 2
16 3
17 1
18 2
19 2
20 3
21 2
22 3
23 1
24 3
25 2
26 3
27 1
28 1
29 2
30 2
31 3
32 2
33 3
34 1
35 1
36 1
37 1
38 1
39 2
40 1
41 1
42 1
43 3
44 1
45 3
46 2
47 1
48 2
49 1
50 3
51 1
52 1
53 2
54 2
55 1
56 3
57 3
58 2
59 2
60 2
61 3
62 1
63 2
64 2
65 2
66 1
67 2
68 1
69 1
70 1
71 1
72 2
73 3
74 3
75 2
76 1
77 1
78 3
79 3
80 2
81 2
82 2
83 1
84 1
85 3
86 1
87 1
88 1
89 2
90 3
91 2
92 3
93 1
94 1
95 1
96 1
97 1
98 3
99 2
100 3
101 1
102 2
103 1
104 1
105 3
106 2
107 3
108 3
109 1
110 3
111 1
112 3
113 2
114 1
115 3
116 1
117 1
118 3
119 1
120 3
121 1
122 2
123 1
124 1
125 1
126 2
127 1
128 2
129 2
130 1
131 1
132 1
133 2
134 3
135 3
136 1
137 3
138 2
139 1
140 1
141 2
142 2
143 3
144 1
145 2
146 2
147 1
148 2
149 2
150 1
151 1
152 1
153 1
154 3
155 2
156 2
157 1
158 1
159 1
160 2
161 1
162 3
163 1
164 1
165 2
166 1
167 2
168 3
169 3
170 1
171 1
172 1
173 1
174 2
175 3
176 1
177 3
178 2
179 1
180 1
181 1
182 2
183 3
184 1
185 3
186 1
187 1
188 1
189 3
190 3
191 1
192 3
193 1
194 2
195 1
196 2
197 2
198 1
199 2
200 1
201 3
202 1
203 3
204 2
205 1
206 1
207 2
208 1
209 3
210 2
211 1
212 1
213 2
214 2
215 2
216 2
217 1
218 2
219 1
220 1
221 1
222 1
223 1
224 2
225 3
226 1
227 1
228 2
229 2
230 2
231 2
232 2
233 2
234 2
235 1
236 1
237 1
238 1
239 2
240 2
241 1
242 2
243 1
244 2
245 3
246 1
247 3
248 3
249 2
250 3
251 2
252 2
253 2
254 2
255 1
256 1
257 1
258 1
259 1
260 1
261 1
262 1
263 2
264 2
265 3
266 2
267 3
268 2
269 3
270 2
271 2
272 1
273 1
274 2
275 1
276 1
277 2
278 1
279 3
280 2
281 3
282 2
283 1
284 3
285 2
286 2
287 1
288 1
289 2
290 1
291 1
292 3
293 1
294 1
295 2
296 3
297 2
298 3
299 1
300 2
SERVING_TIME_BY_THE_TRUCK 
0 0 
1 5
2 5
3 3
4 3
5 4
6 3
7 4
8 4
9 3
10 4
11 3
12 4
13 5
14 2
15 4
16 3
17 4
18 4
19 3
20 5
21 3
22 3
23 3
24 5
25 3
26 3
27 3
28 3
29 3
30 3
31 5
32 3
33 4
34 3
35 4
36 3
37 4
38 3
39 4
40 4
41 2
42 4
43 4
44 3
45 3
46 3
47 3
48 3
49 3
50 2
51 3
52 3
53 5
54 3
55 3
56 4
57 5
58 3
59 5
60 2
61 4
62 3
63 2
64 3
65 3
66 4
67 2
68 5
69 3
70 4
71 4
72 4
73 4
74 3
75 4
76 4
77 3
78 2
79 2
80 3
81 4
82 3
83 5
84 3
85 3
86 4
87 5
88 5
89 4
90 3
91 2
92 3
93 4
94 3
95 4
96 4
97 3
98 4
99 2
100 4
101 4
102 3
103 4
104 2
105 3
106 4
107 4
108 3
109 3
110 5
111 2
112 4
113 3
114 3
115 2
116 5
117 4
118 3
119 4
120 5
121 5
122 3
123 4
124 4
125 4
126 3
127 3
128 4
129 3
130 3
131 3
132 4
133 3
134 3
135 4
136 4
137 5
138 5
139 3
140 4
141 3
142 4
143 4
144 3
145 3
146 3
147 3
148 4
149 5
150 3
151 5
152 5
153 3
154 3
155 3
156 3
157 3
158 4
159 3
160 3
161 4
162 3
163 2
164 4
165 3
166 5
167 4
168 3
169 4
170 3
171 2
172 4
173 4
174 4
175 4
176 3
177 2
178 4
179 4
180 4
181 3
182 3
183 3
184 4
185 2
186 4
187 3
188 3
189 3
190 5
191 4
192 4
193 4
194 4
195 5
196 5
197 5
198 3
199 2
200 3
201 5
202 4
203 4
204 5
205 5
206 5
207 4
208 5
209 3
210 5
211 3
212 4
213 2
214 2
215 4
216 2
217 3
218 4
219 3
220 3
221 2
222 2
223 3
224 4
225 5
226 3
227 3
228 3
229 4
230 3
231 3
232 3
233 4
234 3
235 4
236 4
237 3
238 3
239 3
240 3
241 2
242 4
243 3
244 3
245 4
246 4
247 4
248 4
249 5
250 2
251 3
252 4
253 5
254 3
255 2
256 5
257 4
258 3
259 2
260 3
261 2
262 3
263 4
264 4
265 3
266 4
267 4
268 4
269 4
270 2
271 3
272 4
273 3
274 4
275 5
276 2
277 2
278 4
279 3
280 3
281 5
282 4
283 5
284 5
285 3
286 4
287 2
288 4
289 4
290 3
291 4
292 2
293 2
294 3
295 3
296 3
297 4
298 5
299 4
300 3
EOF 
