NAME : Leuven1_N31_c4
DIMENSION : 31
EDGE_WEIGHT_TYPE : EUC_2D  
NODE_COORD_SECTION  
0 700 1000
1 895 1134
2 800 1133
3 682 1166
4 1222 1084
5 1085 1220
6 1017 1195
7 592 1329
8 810 1227
9 472 1379
10 707 1016
11 594 1042
12 496 1164
13 907 753
14 763 1108
15 909 1263
16 650 1304
17 632 1436
18 968 1377
19 987 1459
20 697 1008
21 737 1273
22 513 1297
23 693 1185
24 765 1186
25 845 1092
26 683 1593
27 280 1174
28 1045 1721
29 539 1737
30 1040 1778
DEMAND_SECTION  
0 0 
1 3
2 1
3 1
4 1
5 2
6 1
7 3
8 3
9 2
10 1
11 1
12 1
13 2
14 1
15 3
16 2
17 1
18 1
19 1
20 1
21 2
22 2
23 1
24 1
25 1
26 1
27 1
28 3
29 1
30 3
SERVING_TIME_BY_THE_TRUCK 
0 0 
1 3
2 2
3 4
4 3
5 4
6 4
7 5
8 2
9 3
10 3
11 2
12 4
13 5
14 3
15 2
16 5
17 5
18 2
19 3
20 2
21 4
22 5
23 4
24 4
25 4
26 2
27 5
28 5
29 2
30 2
EOF 
