NAME : Leuven1_N31_c2
DIMENSION : 31
EDGE_WEIGHT_TYPE : EUC_2D  
NODE_COORD_SECTION  
0 700 1000
1 593 1160
2 729 1222
3 956 1031
4 1113 1220
5 627 1319
6 743 1414
7 721 1137
8 607 1412
9 928 1184
10 707 1284
11 480 1297
12 594 1338
13 488 1124
14 400 1455
15 1148 697
16 735 1101
17 560 1157
18 627 1584
19 1186 1071
20 602 1419
21 1217 1284
22 662 1109
23 993 930
24 745 1233
25 765 1136
26 1131 993
27 1202 1055
28 595 248
29 389 1616
30 984 1822
DEMAND_SECTION  
0 0 
1 1
2 1
3 3
4 2
5 1
6 1
7 2
8 2
9 1
10 1
11 1
12 2
13 2
14 2
15 1
16 1
17 3
18 3
19 2
20 1
21 2
22 2
23 3
24 3
25 1
26 2
27 3
28 1
29 1
30 1
SERVING_TIME_BY_THE_TRUCK 
0 0 
1 3
2 3
3 4
4 3
5 3
6 4
7 4
8 4
9 3
10 3
11 2
12 3
13 5
14 3
15 5
16 4
17 3
18 3
19 5
20 5
21 3
22 3
23 3
24 4
25 5
26 4
27 3
28 4
29 4
30 5
EOF 
