NAME : Leuven1_N28_c2
DIMENSION : 28
EDGE_WEIGHT_TYPE : EUC_2D  
NODE_COORD_SECTION  
0 700 1000
1 884 1070
2 732 1153
3 845 1092
4 424 1398
5 1071 690
6 633 1374
7 597 838
8 728 1183
9 553 1576
10 693 1189
11 583 1513
12 979 1363
13 737 1273
14 569 1127
15 772 1052
16 829 1295
17 698 1034
18 914 1060
19 704 1148
20 919 1379
21 687 1213
22 828 1342
23 1039 1083
24 990 780
25 613 213
26 979 1703
27 1355 1028
DEMAND_SECTION  
0 0 
1 2
2 1
3 1
4 1
5 2
6 1
7 1
8 3
9 2
10 3
11 1
12 1
13 2
14 1
15 1
16 2
17 2
18 3
19 2
20 1
21 3
22 1
23 1
24 2
25 1
26 2
27 2
SERVING_TIME_BY_THE_TRUCK 
0 0 
1 4
2 4
3 4
4 5
5 4
6 4
7 2
8 3
9 5
10 2
11 5
12 3
13 5
14 3
15 3
16 4
17 5
18 3
19 4
20 3
21 3
22 2
23 5
24 5
25 4
26 2
27 4
EOF 
