NAME : Leuven1_N25_b1
DIMENSION : 25
EDGE_WEIGHT_TYPE : EUC_2D  
NODE_COORD_SECTION  
0 700 1000
1 640 1238
2 690 1183
3 598 1207
4 821 1061
5 880 1074
6 891 680
7 492 1559
8 751 1109
9 473 1132
10 429 1139
11 296 1105
12 975 1271
13 541 1362
14 1043 1245
15 1093 1148
16 665 1446
17 1080 1055
18 972 1354
19 880 1279
20 1168 983
21 676 1557
22 914 1797
23 1037 1779
24 886 1876
DEMAND_SECTION  
0 0
1 3
2 1
3 1
4 1
5 2
6 1
7 2
8 1
9 2
10 1
11 2
12 2
13 3
14 3
15 1
16 3
17 1
18 3
19 3
20 1
21 1
22 1
23 1
24 1
SERVING_TIME_BY_THE_TRUCK 
0 0
1 2
2 3
3 2
4 2
5 2
6 2
7 3
8 3
9 3
10 3
11 5
12 3
13 5
14 4
15 2
16 5
17 2
18 4
19 2
20 4
21 3
22 4
23 4
24 4
EOF 
