NAME : Leuven1_N301_b4
DIMENSION : 301
EDGE_WEIGHT_TYPE : EUC_2D  
NODE_COORD_SECTION  
0 700 1000
1 646 1228
2 709 1289
3 834 752
4 482 1013
5 711 1133
6 674 1000
7 627 1047
8 825 1003
9 844 1069
10 562 1022
11 836 1110
12 772 1052
13 941 968
14 522 1075
15 798 1248
16 684 1011
17 710 1229
18 900 1197
19 455 1053
20 574 1015
21 659 1234
22 725 1175
23 908 1151
24 639 1121
25 539 1063
26 491 985
27 673 1164
28 781 1269
29 721 1137
30 562 1250
31 702 1147
32 787 1263
33 660 1282
34 574 1126
35 599 1221
36 651 1158
37 581 1127
38 675 1369
39 895 1258
40 212 1247
41 398 1228
42 647 1312
43 479 1456
44 745 1233
45 660 941
46 621 1318
47 825 1092
48 503 1027
49 650 1137
50 583 1372
51 704 1125
52 648 1363
53 590 883
54 664 1041
55 607 1027
56 779 1388
57 639 946
58 912 1082
59 723 1262
60 742 1002
61 884 1070
62 394 1252
63 887 1002
64 1076 765
65 688 1192
66 1015 1218
67 588 1319
68 1004 995
69 1113 1220
70 513 1297
71 791 765
72 634 1103
73 963 1261
74 801 1128
75 580 1204
76 1185 967
77 881 1337
78 1131 1161
79 1033 916
80 765 1449
81 1017 1005
82 356 1304
83 1125 1034
84 1084 1086
85 758 1472
86 740 1306
87 588 1288
88 1050 1155
89 627 1351
90 299 1299
91 587 1366
92 663 1387
93 669 1404
94 594 1338
95 490 1509
96 574 1424
97 855 733
98 1049 1469
99 1027 1092
100 970 1270
101 446 1223
102 752 1160
103 689 1329
104 724 1353
105 735 1294
106 688 1220
107 786 1283
108 1122 1108
109 757 1283
110 693 1033
111 717 1148
112 735 1126
113 593 1160
114 633 1236
115 700 1109
116 650 1189
117 263 1391
118 724 1171
119 756 1183
120 743 1375
121 468 1030
122 660 1289
123 578 1184
124 859 929
125 458 1282
126 524 769
127 590 1572
128 934 1375
129 457 1023
130 658 1280
131 1044 1396
132 645 1229
133 410 1383
134 686 1303
135 851 1252
136 485 1399
137 960 920
138 688 1221
139 972 1354
140 910 1280
141 651 1086
142 596 1587
143 543 1031
144 1148 697
145 668 1397
146 840 1264
147 671 1112
148 725 1193
149 831 1235
150 567 487
151 729 557
152 654 1291
153 516 1198
154 567 1017
155 639 1364
156 788 569
157 311 1187
158 894 773
159 235 1375
160 643 994
161 643 1196
162 606 1036
163 735 1306
164 1023 1317
165 667 1490
166 766 1138
167 578 1199
168 689 1353
169 510 1033
170 877 963
171 338 1371
172 562 1234
173 251 1338
174 590 1297
175 854 1193
176 682 1293
177 1245 893
178 731 1362
179 823 1303
180 553 1312
181 444 1002
182 421 1185
183 403 1344
184 734 1544
185 833 792
186 865 1287
187 712 1116
188 452 1532
189 777 1318
190 298 1129
191 1017 741
192 464 1199
193 842 1316
194 1042 1435
195 695 1156
196 473 1132
197 982 839
198 718 1128
199 602 1386
200 1029 1401
201 546 998
202 738 1175
203 741 1208
204 968 1377
205 644 1181
206 431 1176
207 604 1492
208 611 1534
209 634 1580
210 665 1398
211 616 1573
212 1168 983
213 944 1196
214 723 1582
215 896 1166
216 459 1356
217 616 1207
218 625 1041
219 569 1519
220 974 923
221 1097 1207
222 562 1548
223 832 1160
224 936 1356
225 952 1020
226 730 1318
227 858 1475
228 663 1535
229 575 1518
230 881 1390
231 914 1296
232 909 1370
233 429 1139
234 585 1364
235 958 1385
236 480 1354
237 532 1220
238 970 1352
239 371 1487
240 464 1159
241 446 1214
242 475 1128
243 746 1387
244 1046 1279
245 578 1404
246 898 1250
247 812 1566
248 758 1184
249 617 479
250 854 1152
251 477 1511
252 633 1374
253 576 906
254 803 1307
255 644 1370
256 662 1488
257 503 1473
258 861 600
259 977 1318
260 277 1320
261 576 1328
262 732 1260
263 1045 1280
264 1050 1876
265 609 274
266 1066 1813
267 1033 1709
268 979 1703
269 489 179
270 828 1751
271 1067 1831
272 577 222
273 833 327
274 876 352
275 941 1792
276 1031 165
277 220 1479
278 543 1720
279 800 1746
280 995 1653
281 318 1555
282 455 1574
283 1024 1844
284 825 1731
285 807 1791
286 420 1640
287 941 177
288 1010 1696
289 873 243
290 308 1638
291 571 254
292 274 1454
293 1036 1685
294 1002 1753
295 1078 1890
296 614 159
297 1019 1681
298 332 1509
299 112 1592
300 996 1851
DEMAND_SECTION  
0 0
1 3
2 1
3 2
4 2
5 1
6 2
7 2
8 2
9 2
10 1
11 3
12 1
13 1
14 1
15 2
16 3
17 1
18 2
19 2
20 3
21 2
22 3
23 1
24 3
25 2
26 3
27 1
28 1
29 2
30 2
31 3
32 2
33 3
34 1
35 1
36 1
37 1
38 1
39 2
40 1
41 2
42 1
43 2
44 3
45 2
46 3
47 1
48 1
49 2
50 3
51 2
52 2
53 3
54 1
55 3
56 2
57 1
58 1
59 3
60 2
61 2
62 1
63 2
64 1
65 2
66 2
67 1
68 1
69 2
70 2
71 3
72 1
73 1
74 1
75 2
76 1
77 3
78 1
79 3
80 2
81 1
82 3
83 1
84 2
85 1
86 3
87 3
88 2
89 2
90 3
91 1
92 2
93 2
94 2
95 1
96 1
97 1
98 2
99 3
100 3
101 1
102 3
103 2
104 2
105 1
106 1
107 3
108 1
109 1
110 1
111 1
112 1
113 1
114 1
115 3
116 1
117 3
118 2
119 3
120 1
121 3
122 1
123 3
124 2
125 3
126 1
127 1
128 3
129 3
130 2
131 1
132 1
133 1
134 2
135 2
136 1
137 2
138 1
139 3
140 2
141 1
142 1
143 3
144 1
145 2
146 1
147 2
148 2
149 1
150 1
151 1
152 1
153 2
154 2
155 1
156 2
157 1
158 1
159 1
160 1
161 2
162 3
163 3
164 1
165 1
166 1
167 2
168 3
169 3
170 2
171 1
172 1
173 3
174 1
175 3
176 1
177 1
178 3
179 3
180 1
181 2
182 1
183 2
184 1
185 2
186 1
187 3
188 2
189 1
190 1
191 2
192 1
193 1
194 2
195 2
196 2
197 2
198 1
199 1
200 1
201 1
202 3
203 1
204 1
205 2
206 2
207 2
208 2
209 1
210 1
211 2
212 1
213 2
214 1
215 1
216 3
217 2
218 2
219 2
220 2
221 1
222 1
223 1
224 1
225 1
226 1
227 2
228 1
229 1
230 2
231 2
232 1
233 1
234 3
235 2
236 1
237 2
238 3
239 2
240 2
241 1
242 3
243 1
244 1
245 1
246 1
247 1
248 3
249 2
250 1
251 1
252 1
253 2
254 1
255 1
256 3
257 3
258 1
259 2
260 2
261 3
262 3
263 2
264 2
265 3
266 2
267 3
268 2
269 3
270 2
271 2
272 1
273 1
274 2
275 1
276 1
277 2
278 1
279 3
280 2
281 3
282 2
283 1
284 3
285 2
286 2
287 1
288 1
289 2
290 1
291 1
292 3
293 1
294 1
295 2
296 3
297 2
298 3
299 1
300 2
SERVING_TIME_BY_THE_TRUCK 
0 0
1 5
2 5
3 3
4 3
5 4
6 3
7 4
8 4
9 3
10 4
11 3
12 4
13 5
14 2
15 4
16 3
17 4
18 4
19 3
20 5
21 3
22 3
23 3
24 5
25 3
26 3
27 3
28 3
29 3
30 3
31 5
32 3
33 4
34 3
35 4
36 3
37 4
38 4
39 3
40 3
41 2
42 4
43 4
44 3
45 2
46 3
47 2
48 4
49 3
50 3
51 4
52 3
53 3
54 3
55 3
56 3
57 3
58 4
59 4
60 5
61 5
62 3
63 4
64 2
65 3
66 4
67 4
68 3
69 3
70 3
71 4
72 2
73 3
74 3
75 4
76 4
77 4
78 3
79 3
80 3
81 3
82 2
83 3
84 3
85 3
86 4
87 5
88 5
89 2
90 4
91 3
92 2
93 3
94 3
95 4
96 5
97 3
98 4
99 4
100 3
101 4
102 2
103 3
104 3
105 5
106 3
107 3
108 5
109 5
110 4
111 3
112 4
113 4
114 3
115 4
116 4
117 3
118 4
119 4
120 3
121 5
122 2
123 4
124 3
125 2
126 5
127 4
128 3
129 5
130 3
131 4
132 4
133 3
134 4
135 3
136 4
137 3
138 4
139 5
140 5
141 3
142 4
143 4
144 3
145 3
146 3
147 4
148 5
149 3
150 5
151 5
152 3
153 3
154 3
155 3
156 3
157 4
158 2
159 4
160 5
161 4
162 3
163 4
164 3
165 2
166 4
167 4
168 4
169 2
170 4
171 4
172 4
173 3
174 4
175 2
176 3
177 3
178 3
179 5
180 4
181 4
182 5
183 5
184 3
185 2
186 3
187 5
188 5
189 5
190 5
191 4
192 5
193 3
194 2
195 2
196 4
197 2
198 3
199 3
200 2
201 3
202 5
203 3
204 3
205 3
206 4
207 3
208 3
209 4
210 3
211 3
212 2
213 4
214 3
215 4
216 4
217 5
218 4
219 5
220 3
221 5
222 4
223 2
224 2
225 3
226 3
227 4
228 2
229 3
230 5
231 3
232 4
233 3
234 2
235 4
236 4
237 4
238 4
239 2
240 3
241 4
242 3
243 3
244 4
245 5
246 3
247 3
248 4
249 3
250 4
251 4
252 3
253 3
254 4
255 4
256 4
257 3
258 4
259 4
260 3
261 4
262 2
263 3
264 4
265 3
266 4
267 4
268 4
269 4
270 2
271 3
272 4
273 3
274 4
275 5
276 2
277 2
278 4
279 3
280 3
281 5
282 4
283 5
284 5
285 3
286 4
287 2
288 4
289 4
290 3
291 4
292 2
293 2
294 3
295 3
296 3
297 4
298 5
299 4
300 3
EOF 
