NAME : Leuven1_N37_a3
DIMENSION : 37
EDGE_WEIGHT_TYPE : EUC_2D  
NODE_COORD_SECTION  
0 700 1000
1 662 1109
2 784 1245
3 529 1021
4 536 764
5 1172 925
6 655 1134
7 425 1212
8 732 1260
9 796 1145
10 1188 1004
11 882 741
12 924 1292
13 905 1167
14 888 706
15 475 1014
16 1115 1424
17 587 1090
18 1229 861
19 617 479
20 1056 1158
21 604 1424
22 455 1295
23 1071 962
24 1185 1186
25 1042 1435
26 714 1327
27 620 1266
28 742 1319
29 1045 1339
30 618 1532
31 459 1216
32 828 1342
33 916 1778
34 601 232
35 316 1468
36 814 1773
DEMAND_SECTION  
0 0
1 2
2 3
3 2
4 1
5 2
6 1
7 2
8 3
9 1
10 3
11 1
12 3
13 1
14 1
15 3
16 2
17 1
18 1
19 2
20 1
21 1
22 2
23 3
24 3
25 2
26 1
27 2
28 1
29 1
30 1
31 2
32 1
33 2
34 1
35 3
36 1
SERVING_TIME_BY_THE_TRUCK 
0 0
1 4
2 2
3 5
4 5
5 2
6 3
7 3
8 2
9 4
10 4
11 3
12 4
13 2
14 2
15 3
16 2
17 5
18 2
19 4
20 3
21 5
22 3
23 3
24 4
25 4
26 5
27 3
28 4
29 4
30 4
31 4
32 3
33 4
34 3
35 5
36 3
EOF 
