NAME : Leuven1_N34_c2
DIMENSION : 34
EDGE_WEIGHT_TYPE : EUC_2D  
NODE_COORD_SECTION  
0 700 1000
1 858 1215
2 658 1280
3 698 1118
4 522 1075
5 319 1332
6 1180 956
7 788 1271
8 607 1228
9 695 1237
10 576 1485
11 600 1200
12 576 1193
13 634 1080
14 403 1344
15 611 1259
16 648 1134
17 1005 1296
18 655 1134
19 704 1005
20 724 1042
21 626 1002
22 605 1558
23 674 1267
24 854 1193
25 909 1259
26 756 1359
27 457 1030
28 715 1186
29 910 1282
30 455 1574
31 459 1589
32 1025 1618
33 287 1483
DEMAND_SECTION  
0 0 
1 2
2 2
3 3
4 1
5 1
6 1
7 3
8 3
9 1
10 2
11 2
12 3
13 1
14 2
15 1
16 2
17 2
18 1
19 1
20 1
21 2
22 1
23 2
24 3
25 1
26 1
27 1
28 2
29 1
30 2
31 1
32 1
33 2
SERVING_TIME_BY_THE_TRUCK 
0 0 
1 5
2 3
3 5
4 3
5 5
6 4
7 4
8 4
9 4
10 3
11 3
12 4
13 5
14 3
15 4
16 3
17 3
18 5
19 3
20 3
21 4
22 3
23 4
24 5
25 3
26 3
27 3
28 4
29 4
30 4
31 4
32 4
33 4
EOF 
