NAME : Leuven1_N22_c3
DIMENSION : 22
EDGE_WEIGHT_TYPE : EUC_2D  
NODE_COORD_SECTION  
0 700 1000
1 538 1178
2 798 1248
3 532 1220
4 1020 1355
5 645 1229
6 624 958
7 862 1208
8 1070 1234
9 491 985
10 367 1201
11 527 1003
12 242 1372
13 744 1521
14 503 1325
15 638 1329
16 410 1383
17 545 1430
18 875 650
19 974 923
20 403 1599
21 784 333
DEMAND_SECTION  
0 0 
1 1
2 2
3 2
4 1
5 1
6 1
7 1
8 1
9 3
10 1
11 3
12 1
13 2
14 1
15 2
16 1
17 1
18 1
19 2
20 2
21 1
SERVING_TIME_BY_THE_TRUCK 
0 0 
1 3
2 2
3 3
4 3
5 4
6 2
7 3
8 5
9 2
10 5
11 3
12 5
13 3
14 4
15 5
16 4
17 3
18 3
19 2
20 3
21 2
EOF 
