NAME : Leuven1_N19_b4
DIMENSION : 19
EDGE_WEIGHT_TYPE : EUC_2D  
NODE_COORD_SECTION  
0 700 1000
1 496 1164
2 638 1245
3 758 592
4 814 833
5 687 1378
6 715 1186
7 590 924
8 538 1178
9 326 1370
10 594 1181
11 880 1074
12 357 1433
13 861 654
14 224 1292
15 536 1377
16 567 1566
17 724 251
18 1020 1836
DEMAND_SECTION  
0 0
1 1
2 1
3 3
4 1
5 1
6 2
7 1
8 1
9 2
10 1
11 2
12 3
13 3
14 2
15 1
16 2
17 3
18 1
SERVING_TIME_BY_THE_TRUCK 
0 0
1 4
2 5
3 5
4 3
5 4
6 4
7 3
8 3
9 3
10 3
11 4
12 5
13 4
14 3
15 3
16 4
17 5
18 5
EOF 
