NAME : Leuven1_N201_a1
DIMENSION : 201
EDGE_WEIGHT_TYPE : EUC_2D  
NODE_COORD_SECTION  
0 700 1000
1 562 1122
2 941 968
3 684 1011
4 632 1059
5 671 1112
6 742 1002
7 759 1256
8 526 1138
9 760 1177
10 590 883
11 951 1020
12 660 1104
13 490 1186
14 727 1267
15 903 792
16 872 764
17 919 1073
18 882 773
19 520 1235
20 851 1252
21 595 1192
22 895 1134
23 718 1128
24 733 1259
25 697 1008
26 731 1418
27 471 1356
28 224 1292
29 1130 751
30 1082 1141
31 691 1183
32 697 1198
33 678 1021
34 625 1165
35 651 1303
36 515 964
37 482 1068
38 711 1470
39 587 1116
40 634 1080
41 812 1271
42 1024 1042
43 1017 1076
44 674 932
45 878 1142
46 669 1404
47 819 1262
48 564 1137
49 689 1353
50 632 1178
51 806 1182
52 607 938
53 828 1342
54 674 1000
55 1019 1093
56 567 1346
57 655 1096
58 632 1047
59 842 1374
60 888 1221
61 898 1062
62 682 1303
63 541 1362
64 729 1069
65 589 1563
66 708 1124
67 863 1169
68 591 966
69 616 1259
70 772 1031
71 562 1373
72 890 788
73 1141 1213
74 632 1411
75 627 1351
76 702 1345
77 563 1560
78 461 1305
79 522 1519
80 555 1228
81 458 1282
82 846 1077
83 759 1277
84 737 1031
85 594 1181
86 976 1385
87 674 1267
88 858 727
89 758 1184
90 1159 696
91 739 572
92 637 1071
93 827 1259
94 758 1326
95 914 1060
96 819 1123
97 881 1390
98 619 1147
99 948 922
100 979 1489
101 660 1169
102 929 1279
103 378 1447
104 1075 757
105 1072 1179
106 763 1142
107 961 1199
108 914 1296
109 658 982
110 1033 1239
111 843 1165
112 923 832
113 1076 765
114 671 1094
115 857 1173
116 213 1226
117 613 1247
118 1101 1218
119 731 1143
120 504 1351
121 1049 1469
122 1020 1025
123 866 1395
124 737 1279
125 456 1014
126 244 1244
127 1186 1071
128 889 704
129 408 1479
130 1176 871
131 597 1587
132 609 1437
133 644 1311
134 319 1332
135 731 1559
136 280 1174
137 769 1547
138 479 1456
139 339 1293
140 654 1239
141 515 1382
142 755 1132
143 747 1384
144 924 1484
145 585 1364
146 669 1182
147 358 1284
148 1066 780
149 468 1285
150 865 1368
151 916 1073
152 628 1374
153 539 1392
154 1070 1188
155 791 765
156 1115 1424
157 1014 841
158 513 1201
159 578 1300
160 367 1201
161 431 1349
162 735 1294
163 396 1377
164 462 1126
165 500 1285
166 662 1488
167 887 1002
168 679 1175
169 1192 1089
170 681 1330
171 1019 1292
172 586 1312
173 960 920
174 513 1237
175 480 1354
176 711 167
177 1155 1504
178 1395 1067
179 492 215
180 779 1826
181 1150 1469
182 453 1589
183 938 92
184 1012 1778
185 618 338
186 1340 922
187 1022 109
188 992 178
189 308 1638
190 807 1791
191 609 356
192 990 156
193 1029 1781
194 505 1581
195 105 1530
196 1019 1681
197 893 321
198 1310 796
199 867 236
200 970 1673
DEMAND_SECTION  
0 0
1 1
2 1
3 3
4 2
5 2
6 2
7 1
8 1
9 2
10 3
11 3
12 3
13 1
14 1
15 3
16 1
17 2
18 3
19 3
20 2
21 2
22 3
23 1
24 1
25 2
26 1
27 1
28 2
29 1
30 1
31 2
32 2
33 1
34 3
35 2
36 2
37 1
38 3
39 1
40 1
41 1
42 2
43 1
44 2
45 1
46 2
47 3
48 3
49 3
50 2
51 1
52 1
53 1
54 2
55 3
56 2
57 2
58 2
59 2
60 2
61 1
62 2
63 3
64 1
65 2
66 1
67 1
68 2
69 1
70 2
71 2
72 3
73 3
74 2
75 2
76 1
77 3
78 1
79 3
80 2
81 3
82 1
83 1
84 1
85 1
86 2
87 2
88 2
89 3
90 1
91 1
92 2
93 1
94 2
95 3
96 2
97 2
98 3
99 2
100 1
101 2
102 2
103 1
104 2
105 1
106 1
107 3
108 2
109 1
110 1
111 1
112 3
113 1
114 2
115 1
116 1
117 1
118 2
119 2
120 3
121 2
122 1
123 1
124 2
125 3
126 1
127 2
128 1
129 1
130 3
131 1
132 1
133 1
134 1
135 3
136 1
137 1
138 2
139 1
140 1
141 3
142 3
143 2
144 1
145 3
146 3
147 1
148 2
149 1
150 1
151 1
152 1
153 2
154 1
155 3
156 2
157 1
158 1
159 1
160 1
161 2
162 1
163 2
164 2
165 1
166 3
167 2
168 1
169 1
170 3
171 2
172 1
173 2
174 2
175 1
176 2
177 3
178 1
179 3
180 1
181 3
182 1
183 2
184 1
185 1
186 2
187 2
188 2
189 1
190 2
191 1
192 3
193 1
194 3
195 1
196 2
197 1
198 3
199 1
200 2
SERVING_TIME_BY_THE_TRUCK 
0 0
1 4
2 5
3 4
4 4
5 5
6 5
7 5
8 3
9 4
10 4
11 3
12 3
13 4
14 4
15 3
16 4
17 4
18 3
19 2
20 4
21 5
22 2
23 3
24 2
25 2
26 5
27 4
28 4
29 2
30 2
31 4
32 4
33 4
34 4
35 2
36 4
37 4
38 3
39 5
40 3
41 4
42 2
43 3
44 3
45 4
46 4
47 3
48 5
49 4
50 5
51 3
52 4
53 4
54 2
55 3
56 4
57 2
58 5
59 5
60 3
61 4
62 3
63 3
64 3
65 2
66 5
67 4
68 2
69 5
70 2
71 5
72 3
73 4
74 4
75 2
76 2
77 4
78 4
79 4
80 5
81 2
82 3
83 2
84 3
85 3
86 2
87 4
88 4
89 4
90 5
91 4
92 4
93 5
94 5
95 3
96 5
97 2
98 4
99 4
100 4
101 4
102 4
103 4
104 3
105 4
106 4
107 3
108 2
109 3
110 2
111 2
112 4
113 4
114 4
115 3
116 2
117 3
118 5
119 4
120 3
121 3
122 2
123 2
124 4
125 4
126 4
127 3
128 2
129 2
130 3
131 4
132 2
133 4
134 3
135 4
136 5
137 4
138 5
139 4
140 4
141 4
142 4
143 4
144 4
145 4
146 3
147 2
148 3
149 4
150 5
151 3
152 3
153 3
154 3
155 3
156 3
157 3
158 5
159 4
160 3
161 2
162 2
163 4
164 3
165 3
166 5
167 3
168 5
169 4
170 2
171 4
172 3
173 3
174 2
175 3
176 4
177 3
178 4
179 3
180 4
181 5
182 3
183 4
184 4
185 4
186 5
187 3
188 4
189 5
190 2
191 5
192 3
193 4
194 5
195 2
196 5
197 3
198 4
199 4
200 4
EOF 
