NAME : Leuven1_N25_a4
DIMENSION : 25
EDGE_WEIGHT_TYPE : EUC_2D  
NODE_COORD_SECTION  
0 700 1000
1 581 1196
2 631 1135
3 457 1138
4 1139 1186
5 854 1001
6 822 740
7 1159 1076
8 439 1275
9 670 1117
10 609 1437
11 676 1447
12 602 1287
13 678 1021
14 298 1135
15 817 1180
16 575 1289
17 574 964
18 644 1370
19 627 1341
20 849 1367
21 866 1395
22 1021 1775
23 612 1659
24 1023 170
DEMAND_SECTION  
0 0
1 3
2 2
3 1
4 1
5 1
6 2
7 3
8 3
9 1
10 1
11 1
12 2
13 1
14 1
15 3
16 1
17 3
18 1
19 2
20 1
21 1
22 1
23 3
24 3
SERVING_TIME_BY_THE_TRUCK 
0 0
1 3
2 4
3 4
4 3
5 4
6 2
7 4
8 4
9 4
10 4
11 5
12 3
13 5
14 4
15 4
16 4
17 4
18 4
19 3
20 4
21 3
22 4
23 3
24 4
EOF 
