NAME : Leuven1_N301_a1
DIMENSION : 301
EDGE_WEIGHT_TYPE : EUC_2D  
NODE_COORD_SECTION  
0 700 1000
1 597 842
2 506 1082
3 930 961
4 730 1188
5 993 1055
6 825 1142
7 483 1066
8 664 1041
9 905 1196
10 617 1227
11 884 1070
12 562 1122
13 702 1147
14 541 1056
15 731 1140
16 774 1014
17 654 1239
18 593 1215
19 650 1055
20 694 1284
21 674 1000
22 940 1097
23 926 1124
24 739 1030
25 657 942
26 676 1028
27 620 1247
28 545 945
29 539 1237
30 569 1127
31 724 1282
32 595 1152
33 644 1181
34 655 1018
35 776 1194
36 825 1003
37 619 1112
38 812 1362
39 828 1307
40 366 1222
41 1183 1046
42 1012 1402
43 968 1377
44 729 1222
45 604 1191
46 888 1004
47 621 1318
48 765 1305
49 708 1159
50 737 1279
51 377 1328
52 624 958
53 493 1176
54 1097 1207
55 436 1262
56 889 1088
57 911 1328
58 953 769
59 807 1230
60 1075 1156
61 457 1088
62 662 1125
63 575 1518
64 832 1160
65 717 1148
66 708 1124
67 702 1140
68 520 1235
69 736 1184
70 1134 1179
71 705 1260
72 924 1065
73 482 1068
74 889 704
75 714 1368
76 426 1122
77 664 1162
78 909 1259
79 970 1270
80 654 1134
81 854 1152
82 637 1171
83 1072 1179
84 727 1307
85 729 557
86 528 1079
87 750 1073
88 398 1228
89 634 1351
90 729 1100
91 934 1238
92 715 1186
93 823 1183
94 896 678
95 660 1065
96 970 943
97 489 1123
98 620 1254
99 767 1287
100 800 1133
101 280 1174
102 972 1076
103 287 1118
104 798 1248
105 683 1037
106 654 1305
107 738 1058
108 796 1145
109 650 1008
110 467 1305
111 699 1553
112 672 1092
113 356 1304
114 1108 1008
115 739 1379
116 624 1504
117 757 1304
118 564 1515
119 892 1388
120 602 1386
121 650 1189
122 737 1429
123 678 1430
124 869 626
125 1061 1094
126 492 1412
127 631 1140
128 898 1068
129 491 1237
130 707 1467
131 681 1089
132 877 963
133 634 1254
134 1176 1077
135 882 1040
136 586 1275
137 924 1209
138 847 1139
139 884 1197
140 793 1189
141 658 1192
142 633 1047
143 693 1094
144 613 916
145 816 1242
146 324 1242
147 331 1301
148 779 1388
149 655 1385
150 813 1328
151 685 1151
152 691 1183
153 886 770
154 590 1275
155 692 958
156 583 1373
157 496 1171
158 927 1188
159 424 1285
160 611 1259
161 678 1021
162 848 637
163 906 1209
164 586 487
165 1177 697
166 515 1210
167 1251 782
168 738 1165
169 671 1144
170 665 1446
171 728 1104
172 541 1058
173 675 1369
174 1015 720
175 1097 1065
176 815 1036
177 751 1346
178 576 906
179 1164 708
180 616 1181
181 1024 1367
182 728 1060
183 565 1327
184 852 1026
185 630 1189
186 620 1497
187 878 976
188 495 1086
189 975 1271
190 647 1510
191 601 1348
192 923 1320
193 1085 760
194 793 1308
195 1001 1431
196 390 1424
197 1202 1055
198 457 1219
199 682 1303
200 724 1595
201 895 1258
202 1031 912
203 459 1435
204 734 1387
205 1045 1280
206 1017 1195
207 447 1298
208 892 1388
209 497 1336
210 982 1437
211 978 1394
212 403 1471
213 396 1377
214 1014 1295
215 733 1380
216 1007 999
217 224 1346
218 492 1559
219 1085 1220
220 450 1155
221 1180 987
222 510 1376
223 648 1134
224 625 1522
225 475 1128
226 1101 990
227 408 1479
228 338 1192
229 340 1262
230 1256 1148
231 755 1132
232 1061 723
233 821 1018
234 604 1070
235 629 1288
236 562 1548
237 661 1464
238 1071 742
239 1017 1076
240 299 1299
241 842 1374
242 882 602
243 366 1490
244 855 733
245 901 629
246 904 1112
247 698 644
248 549 1462
249 431 1349
250 508 1413
251 709 1581
252 698 1092
253 424 1451
254 263 1391
255 553 1556
256 972 774
257 741 1593
258 1039 1083
259 861 600
260 464 1199
261 1033 916
262 865 742
263 1139 1186
264 1066 1813
265 1005 1885
266 1024 1844
267 623 296
268 249 1460
269 1008 1540
270 238 1498
271 1043 33
272 445 105
273 305 1589
274 576 15
275 1089 1861
276 309 1503
277 373 1591
278 107 1527
279 560 1601
280 1310 796
281 229 1468
282 876 352
283 972 84
284 919 98
285 277 1467
286 410 1657
287 606 326
288 764 1660
289 812 1706
290 522 1583
291 818 226
292 429 1652
293 860 1637
294 866 213
295 107 1543
296 1375 1042
297 543 1720
298 324 1583
299 1023 1725
300 588 1601
DEMAND_SECTION  
0 0
1 1
2 3
3 2
4 2
5 1
6 1
7 3
8 1
9 2
10 2
11 2
12 1
13 3
14 1
15 2
16 2
17 1
18 3
19 1
20 1
21 2
22 3
23 2
24 1
25 2
26 1
27 3
28 1
29 2
30 1
31 2
32 1
33 2
34 1
35 3
36 2
37 3
38 1
39 3
40 1
41 3
42 2
43 1
44 1
45 1
46 3
47 3
48 1
49 3
50 2
51 1
52 1
53 3
54 1
55 1
56 1
57 1
58 1
59 3
60 1
61 1
62 2
63 1
64 1
65 1
66 1
67 1
68 3
69 1
70 1
71 1
72 1
73 1
74 1
75 1
76 2
77 1
78 1
79 3
80 2
81 1
82 1
83 1
84 3
85 1
86 1
87 3
88 2
89 1
90 2
91 1
92 2
93 3
94 3
95 3
96 1
97 2
98 2
99 1
100 1
101 1
102 3
103 1
104 2
105 1
106 1
107 2
108 1
109 2
110 1
111 1
112 1
113 3
114 2
115 1
116 3
117 1
118 1
119 3
120 1
121 1
122 3
123 2
124 1
125 3
126 1
127 1
128 2
129 3
130 2
131 2
132 2
133 1
134 1
135 3
136 3
137 1
138 2
139 1
140 3
141 1
142 1
143 2
144 1
145 1
146 3
147 2
148 2
149 1
150 2
151 3
152 2
153 1
154 2
155 2
156 1
157 3
158 1
159 1
160 1
161 1
162 2
163 1
164 1
165 1
166 1
167 3
168 1
169 1
170 3
171 1
172 1
173 1
174 1
175 1
176 1
177 3
178 2
179 1
180 2
181 3
182 3
183 1
184 3
185 1
186 1
187 1
188 1
189 2
190 1
191 1
192 1
193 1
194 2
195 2
196 3
197 3
198 1
199 2
200 1
201 2
202 3
203 2
204 1
205 2
206 1
207 3
208 1
209 2
210 2
211 3
212 2
213 2
214 2
215 1
216 3
217 2
218 2
219 2
220 3
221 1
222 2
223 2
224 2
225 3
226 1
227 1
228 1
229 2
230 1
231 3
232 1
233 2
234 3
235 1
236 1
237 1
238 2
239 1
240 3
241 2
242 3
243 1
244 1
245 1
246 2
247 1
248 2
249 2
250 2
251 3
252 1
253 2
254 3
255 1
256 2
257 2
258 1
259 1
260 1
261 3
262 1
263 1
264 2
265 1
266 1
267 1
268 2
269 1
270 1
271 1
272 1
273 1
274 3
275 3
276 2
277 2
278 1
279 1
280 3
281 3
282 2
283 1
284 1
285 1
286 3
287 2
288 1
289 1
290 2
291 1
292 3
293 3
294 2
295 1
296 1
297 1
298 2
299 2
300 3
SERVING_TIME_BY_THE_TRUCK 
0 0
1 2
2 4
3 3
4 3
5 5
6 4
7 2
8 4
9 4
10 5
11 3
12 4
13 3
14 3
15 2
16 5
17 4
18 3
19 3
20 2
21 4
22 5
23 2
24 3
25 3
26 5
27 3
28 3
29 5
30 5
31 4
32 3
33 4
34 3
35 2
36 4
37 5
38 3
39 5
40 4
41 3
42 3
43 2
44 3
45 4
46 3
47 4
48 3
49 5
50 4
51 4
52 3
53 5
54 2
55 3
56 4
57 5
58 3
59 3
60 4
61 3
62 2
63 5
64 4
65 2
66 2
67 4
68 3
69 5
70 5
71 2
72 4
73 2
74 4
75 3
76 4
77 5
78 5
79 2
80 3
81 5
82 5
83 5
84 3
85 3
86 4
87 4
88 4
89 2
90 4
91 4
92 3
93 4
94 4
95 4
96 4
97 3
98 4
99 4
100 4
101 3
102 4
103 2
104 3
105 4
106 5
107 4
108 5
109 4
110 3
111 5
112 5
113 4
114 5
115 4
116 3
117 5
118 3
119 5
120 3
121 3
122 3
123 4
124 2
125 4
126 4
127 4
128 3
129 3
130 3
131 3
132 4
133 2
134 5
135 4
136 3
137 5
138 5
139 4
140 5
141 4
142 3
143 2
144 3
145 3
146 4
147 5
148 2
149 3
150 5
151 4
152 4
153 5
154 4
155 3
156 2
157 4
158 3
159 4
160 4
161 3
162 4
163 4
164 3
165 3
166 2
167 3
168 2
169 2
170 4
171 3
172 3
173 4
174 5
175 4
176 5
177 4
178 4
179 3
180 5
181 3
182 2
183 4
184 4
185 3
186 5
187 2
188 4
189 5
190 4
191 3
192 4
193 3
194 3
195 3
196 5
197 2
198 4
199 4
200 3
201 4
202 4
203 3
204 2
205 5
206 5
207 3
208 2
209 3
210 4
211 5
212 2
213 3
214 3
215 3
216 3
217 4
218 4
219 3
220 3
221 4
222 4
223 4
224 4
225 3
226 4
227 5
228 3
229 2
230 3
231 4
232 3
233 2
234 3
235 3
236 3
237 4
238 3
239 4
240 3
241 4
242 4
243 3
244 2
245 5
246 5
247 4
248 4
249 2
250 2
251 2
252 4
253 4
254 2
255 2
256 3
257 4
258 3
259 4
260 3
261 4
262 2
263 4
264 2
265 2
266 3
267 4
268 5
269 3
270 2
271 2
272 2
273 4
274 2
275 3
276 3
277 5
278 2
279 4
280 5
281 2
282 3
283 5
284 2
285 3
286 3
287 4
288 3
289 3
290 2
291 2
292 5
293 2
294 2
295 5
296 2
297 5
298 2
299 4
300 4
EOF 
