NAME : Leuven1_N34_b5
DIMENSION : 34
EDGE_WEIGHT_TYPE : EUC_2D  
NODE_COORD_SECTION  
0 700 1000
1 833 792
2 508 1087
3 941 968
4 889 1046
5 758 1468
6 747 1059
7 822 824
8 819 1112
9 716 1317
10 765 451
11 900 728
12 564 1441
13 707 1016
14 662 1009
15 711 1173
16 610 1024
17 583 713
18 937 1156
19 760 1177
20 1082 764
21 588 1458
22 815 1036
23 385 1320
24 418 1303
25 513 1348
26 464 1199
27 706 661
28 1071 1421
29 662 1125
30 595 248
31 1340 1122
32 825 1731
33 307 1903
DEMAND_SECTION  
0 0
1 2
2 2
3 1
4 1
5 1
6 2
7 1
8 1
9 1
10 1
11 3
12 2
13 1
14 1
15 2
16 1
17 3
18 2
19 2
20 1
21 3
22 1
23 1
24 1
25 1
26 1
27 2
28 1
29 2
30 1
31 1
32 3
33 1
SERVING_TIME_BY_THE_TRUCK 
0 0
1 2
2 4
3 4
4 5
5 4
6 5
7 5
8 4
9 3
10 3
11 5
12 2
13 5
14 2
15 5
16 4
17 2
18 5
19 5
20 4
21 5
22 4
23 3
24 4
25 4
26 2
27 4
28 4
29 3
30 3
31 3
32 4
33 2
EOF 
