NAME : Leuven1_N101_a2
DIMENSION : 101
EDGE_WEIGHT_TYPE : EUC_2D  
NODE_COORD_SECTION  
0 700 1000
1 845 1187
2 669 1182
3 539 1193
4 539 1101
5 768 1124
6 823 1183
7 675 1169
8 620 1266
9 679 1113
10 538 1178
11 543 1031
12 660 1289
13 622 1346
14 826 1288
15 993 1183
16 867 1290
17 618 1332
18 698 1092
19 1084 1086
20 835 1014
21 849 791
22 564 1137
23 697 1089
24 320 1300
25 1184 709
26 637 1062
27 702 1066
28 765 1136
29 706 661
30 343 1167
31 664 1267
32 854 1152
33 647 1312
34 963 1261
35 898 1081
36 684 935
37 518 1003
38 616 1162
39 622 1188
40 597 1420
41 646 1195
42 550 1459
43 596 1225
44 669 1183
45 812 1049
46 431 1349
47 486 1414
48 713 1406
49 863 1293
50 807 1268
51 575 1278
52 970 1099
53 552 985
54 982 839
55 650 1189
56 723 1582
57 509 1191
58 887 1002
59 858 1333
60 941 968
61 588 1458
62 657 1171
63 1138 1205
64 249 1200
65 482 1512
66 632 1493
67 443 1502
68 377 1328
69 1036 1115
70 668 1397
71 423 1172
72 905 1259
73 562 1564
74 536 1148
75 1125 1034
76 676 1216
77 424 1271
78 597 1587
79 617 1486
80 357 1433
81 428 1005
82 339 1293
83 648 1499
84 1097 1065
85 759 1256
86 249 1252
87 849 777
88 987 737
89 113 1584
90 926 190
91 107 1543
92 867 236
93 828 1751
94 589 210
95 613 318
96 72 1545
97 410 1657
98 467 169
99 796 292
100 420 1640
DEMAND_SECTION  
0 0
1 1
2 3
3 1
4 1
5 1
6 3
7 2
8 2
9 3
10 1
11 3
12 1
13 1
14 3
15 1
16 3
17 1
18 1
19 2
20 3
21 2
22 3
23 1
24 1
25 1
26 2
27 1
28 1
29 2
30 1
31 1
32 1
33 1
34 1
35 2
36 1
37 2
38 1
39 3
40 1
41 1
42 3
43 1
44 2
45 3
46 2
47 1
48 1
49 2
50 2
51 1
52 2
53 1
54 2
55 1
56 1
57 1
58 2
59 1
60 1
61 3
62 3
63 1
64 3
65 1
66 2
67 3
68 1
69 1
70 2
71 1
72 1
73 3
74 1
75 1
76 1
77 3
78 1
79 1
80 3
81 2
82 1
83 3
84 1
85 1
86 3
87 1
88 2
89 3
90 2
91 1
92 1
93 2
94 3
95 2
96 2
97 3
98 3
99 2
100 2
SERVING_TIME_BY_THE_TRUCK 
0 0
1 2
2 2
3 2
4 5
5 2
6 3
7 5
8 4
9 3
10 2
11 3
12 5
13 4
14 4
15 2
16 5
17 5
18 4
19 4
20 3
21 4
22 5
23 3
24 3
25 3
26 3
27 4
28 3
29 3
30 3
31 2
32 3
33 2
34 2
35 3
36 4
37 3
38 4
39 4
40 4
41 5
42 4
43 3
44 4
45 4
46 4
47 2
48 4
49 4
50 5
51 3
52 3
53 2
54 4
55 2
56 4
57 5
58 5
59 3
60 5
61 5
62 5
63 3
64 3
65 4
66 3
67 2
68 3
69 4
70 3
71 3
72 2
73 3
74 3
75 5
76 3
77 4
78 4
79 5
80 4
81 4
82 3
83 4
84 4
85 3
86 5
87 2
88 2
89 3
90 5
91 5
92 5
93 3
94 3
95 5
96 4
97 5
98 3
99 2
100 4
EOF 
