NAME : Leuven1_N22_b1
DIMENSION : 22
EDGE_WEIGHT_TYPE : EUC_2D  
NODE_COORD_SECTION  
0 700 1000
1 715 1017
2 518 1141
3 840 731
4 429 1139
5 655 1203
6 377 1284
7 1164 758
8 646 1392
9 1012 795
10 935 758
11 826 1288
12 832 1160
13 660 1213
14 847 1282
15 549 1462
16 976 1385
17 525 1376
18 676 1527
19 616 1380
20 870 1790
21 937 1738
DEMAND_SECTION  
0 0
1 3
2 1
3 2
4 1
5 2
6 2
7 2
8 2
9 2
10 1
11 3
12 1
13 3
14 3
15 2
16 2
17 2
18 1
19 1
20 2
21 1
SERVING_TIME_BY_THE_TRUCK 
0 0
1 5
2 2
3 2
4 5
5 3
6 4
7 4
8 3
9 4
10 4
11 3
12 5
13 4
14 3
15 3
16 2
17 4
18 4
19 3
20 2
21 3
EOF 
