NAME : Leuven1_N301_a3
DIMENSION : 301
EDGE_WEIGHT_TYPE : EUC_2D  
NODE_COORD_SECTION  
0 700 1000
1 977 973
2 889 1046
3 610 1022
4 905 1196
5 583 785
6 669 1187
7 674 1112
8 788 744
9 819 1123
10 923 940
11 599 883
12 800 1080
13 604 1262
14 634 1172
15 595 1034
16 563 1185
17 597 838
18 473 1132
19 697 1008
20 630 1004
21 989 932
22 632 1178
23 616 1001
24 540 927
25 516 1104
26 765 1136
27 928 851
28 672 1092
29 644 901
30 594 1042
31 620 1092
32 691 1069
33 491 1121
34 736 1184
35 810 1227
36 562 1122
37 862 1208
38 947 743
39 452 1298
40 735 1306
41 1095 1023
42 863 1293
43 713 1406
44 1026 833
45 1086 955
46 707 1317
47 829 1295
48 896 712
49 1220 837
50 518 1141
51 858 1124
52 963 927
53 742 1178
54 661 1464
55 1031 1202
56 333 1136
57 613 1247
58 717 1148
59 646 1392
60 858 1048
61 669 903
62 595 1152
63 443 1259
64 793 1308
65 600 1200
66 986 1328
67 690 1492
68 996 823
69 624 1180
70 664 921
71 490 1186
72 597 1153
73 840 727
74 816 1248
75 993 930
76 882 1101
77 588 1288
78 802 1169
79 587 855
80 818 1389
81 715 1017
82 436 1248
83 727 1267
84 569 672
85 953 932
86 763 1142
87 590 1275
88 343 1167
89 614 1198
90 1024 1042
91 952 1020
92 738 1175
93 724 1171
94 961 1199
95 330 1448
96 726 1249
97 863 744
98 686 1189
99 711 1173
100 883 1055
101 738 1074
102 590 1232
103 595 1070
104 837 1266
105 684 1011
106 631 1205
107 549 1154
108 566 1249
109 1163 979
110 694 1284
111 977 1204
112 587 838
113 497 1288
114 730 1318
115 374 1406
116 482 1486
117 826 1531
118 567 1346
119 874 713
120 1101 990
121 1244 1050
122 590 1572
123 1130 751
124 903 701
125 909 1370
126 1010 1257
127 751 1346
128 583 713
129 1131 1161
130 767 1299
131 1256 1148
132 961 1222
133 463 1105
134 1007 623
135 760 1171
136 674 1267
137 647 1193
138 1061 723
139 553 1556
140 768 1124
141 980 1395
142 682 1303
143 554 1371
144 802 1342
145 455 1295
146 550 1459
147 903 1074
148 793 745
149 572 1438
150 695 1162
151 620 1266
152 709 1289
153 1093 1148
154 592 1329
155 820 1063
156 569 1285
157 817 1120
158 639 1258
159 640 1238
160 837 1285
161 898 1292
162 1121 1151
163 662 1488
164 888 1221
165 1229 861
166 626 1002
167 718 1223
168 723 1081
169 674 1000
170 543 1031
171 442 1363
172 812 1535
173 675 1082
174 790 1254
175 710 1151
176 650 1304
177 529 1099
178 919 1115
179 698 1469
180 634 1351
181 692 1269
182 625 1041
183 737 1031
184 627 1351
185 907 753
186 679 1118
187 905 1167
188 731 1418
189 697 1364
190 1017 741
191 536 1377
192 515 1379
193 765 1492
194 713 1531
195 734 1523
196 979 1363
197 258 1398
198 899 1329
199 687 1378
200 583 1373
201 302 1164
202 920 1331
203 958 1385
204 1061 1094
205 614 1578
206 729 1514
207 1097 1065
208 457 1534
209 1050 1155
210 1115 705
211 1029 943
212 513 1348
213 617 479
214 249 1200
215 1045 856
216 1026 1315
217 921 752
218 331 1285
219 867 1382
220 929 1139
221 560 1554
222 742 1428
223 709 1253
224 429 1139
225 520 1181
226 1168 983
227 299 1165
228 644 1311
229 456 1046
230 567 1566
231 1016 1410
232 923 832
233 1047 1229
234 616 1202
235 1092 1043
236 778 1123
237 1043 1245
238 1044 1396
239 866 1446
240 336 1182
241 682 1420
242 966 1056
243 568 1120
244 1034 1381
245 676 1393
246 583 1513
247 979 1489
248 779 1371
249 578 1404
250 536 764
251 454 1246
252 764 421
253 685 1153
254 453 1329
255 533 1173
256 645 1063
257 941 1262
258 1099 1072
259 577 1490
260 618 1332
261 863 1169
262 399 1339
263 765 451
264 229 1468
265 1194 655
266 1036 1891
267 951 1721
268 455 1574
269 833 327
270 585 1593
271 905 355
272 226 1403
273 448 1656
274 986 1680
275 416 1625
276 886 1795
277 577 383
278 1007 37
279 865 1845
280 617 1599
281 619 17
282 543 255
283 744 379
284 300 1682
285 1005 1839
286 567 330
287 666 391
288 1000 1570
289 844 108
290 613 318
291 441 169
292 872 260
293 548 220
294 1381 1253
295 1017 1629
296 116 1529
297 952 116
298 78 1547
299 711 167
300 572 1695
DEMAND_SECTION  
0 0
1 3
2 1
3 1
4 2
5 2
6 1
7 2
8 2
9 2
10 3
11 3
12 1
13 1
14 2
15 1
16 1
17 1
18 2
19 1
20 1
21 1
22 2
23 2
24 1
25 1
26 1
27 2
28 1
29 3
30 1
31 2
32 1
33 1
34 1
35 3
36 1
37 1
38 2
39 1
40 3
41 2
42 2
43 1
44 2
45 1
46 1
47 2
48 1
49 3
50 1
51 3
52 2
53 1
54 1
55 1
56 2
57 1
58 1
59 2
60 2
61 2
62 1
63 1
64 2
65 2
66 1
67 1
68 2
69 2
70 3
71 1
72 3
73 1
74 1
75 3
76 1
77 3
78 3
79 1
80 1
81 3
82 2
83 1
84 1
85 3
86 1
87 2
88 1
89 2
90 2
91 1
92 3
93 2
94 3
95 1
96 1
97 2
98 1
99 2
100 3
101 2
102 2
103 1
104 2
105 3
106 1
107 3
108 1
109 1
110 1
111 1
112 1
113 2
114 1
115 1
116 3
117 1
118 2
119 1
120 1
121 1
122 1
123 1
124 1
125 1
126 2
127 3
128 3
129 1
130 1
131 1
132 1
133 3
134 3
135 1
136 2
137 2
138 1
139 1
140 1
141 1
142 2
143 1
144 1
145 2
146 3
147 1
148 2
149 1
150 1
151 2
152 1
153 1
154 3
155 3
156 1
157 1
158 2
159 3
160 1
161 1
162 1
163 3
164 2
165 1
166 2
167 1
168 1
169 2
170 3
171 3
172 2
173 1
174 2
175 2
176 2
177 1
178 1
179 3
180 1
181 3
182 2
183 1
184 2
185 2
186 3
187 1
188 1
189 2
190 2
191 1
192 1
193 1
194 2
195 2
196 1
197 1
198 3
199 1
200 1
201 3
202 3
203 2
204 3
205 2
206 2
207 1
208 2
209 2
210 2
211 3
212 1
213 2
214 3
215 2
216 1
217 1
218 1
219 1
220 1
221 3
222 1
223 1
224 1
225 1
226 1
227 2
228 1
229 1
230 2
231 2
232 3
233 3
234 2
235 2
236 1
237 3
238 1
239 2
240 1
241 1
242 1
243 1
244 1
245 1
246 1
247 1
248 1
249 1
250 1
251 1
252 3
253 1
254 1
255 1
256 2
257 1
258 2
259 1
260 1
261 1
262 2
263 1
264 3
265 2
266 2
267 1
268 2
269 1
270 3
271 1
272 2
273 1
274 2
275 3
276 1
277 3
278 1
279 1
280 2
281 1
282 1
283 1
284 1
285 2
286 2
287 1
288 1
289 1
290 2
291 2
292 3
293 1
294 2
295 1
296 2
297 1
298 1
299 2
300 1
SERVING_TIME_BY_THE_TRUCK 
0 0
1 5
2 3
3 4
4 3
5 5
6 2
7 2
8 4
9 5
10 4
11 5
12 4
13 4
14 3
15 4
16 3
17 2
18 3
19 4
20 3
21 4
22 3
23 2
24 3
25 3
26 3
27 2
28 3
29 5
30 5
31 2
32 2
33 3
34 4
35 3
36 3
37 3
38 3
39 5
40 3
41 4
42 4
43 5
44 3
45 3
46 3
47 4
48 2
49 4
50 5
51 3
52 2
53 3
54 4
55 3
56 4
57 3
58 2
59 3
60 3
61 2
62 4
63 4
64 4
65 5
66 3
67 4
68 2
69 2
70 2
71 5
72 3
73 4
74 3
75 2
76 5
77 4
78 5
79 3
80 5
81 4
82 3
83 4
84 4
85 2
86 4
87 5
88 4
89 4
90 3
91 3
92 3
93 2
94 4
95 5
96 3
97 5
98 3
99 3
100 2
101 3
102 5
103 3
104 3
105 2
106 5
107 5
108 3
109 4
110 4
111 4
112 4
113 5
114 3
115 2
116 3
117 4
118 3
119 4
120 2
121 2
122 3
123 3
124 4
125 2
126 3
127 4
128 4
129 4
130 3
131 5
132 2
133 3
134 5
135 3
136 5
137 3
138 3
139 4
140 3
141 3
142 3
143 4
144 4
145 4
146 4
147 3
148 3
149 4
150 3
151 3
152 3
153 4
154 3
155 4
156 2
157 3
158 3
159 4
160 5
161 2
162 3
163 3
164 4
165 5
166 4
167 3
168 4
169 3
170 3
171 3
172 4
173 3
174 4
175 2
176 3
177 3
178 3
179 5
180 3
181 2
182 2
183 2
184 4
185 2
186 4
187 4
188 4
189 3
190 3
191 2
192 4
193 5
194 2
195 3
196 4
197 3
198 4
199 3
200 3
201 4
202 3
203 3
204 2
205 2
206 2
207 4
208 5
209 3
210 4
211 3
212 2
213 5
214 2
215 3
216 3
217 3
218 3
219 5
220 4
221 3
222 2
223 4
224 4
225 2
226 5
227 4
228 3
229 4
230 5
231 4
232 5
233 5
234 3
235 2
236 4
237 3
238 3
239 4
240 4
241 4
242 3
243 2
244 2
245 5
246 3
247 3
248 5
249 5
250 4
251 3
252 3
253 5
254 4
255 5
256 5
257 5
258 3
259 3
260 4
261 4
262 2
263 3
264 3
265 3
266 5
267 4
268 5
269 3
270 5
271 2
272 4
273 2
274 3
275 5
276 4
277 3
278 5
279 3
280 4
281 5
282 4
283 3
284 4
285 4
286 4
287 5
288 4
289 5
290 4
291 4
292 3
293 4
294 2
295 3
296 4
297 4
298 4
299 4
300 3
EOF 
