NAME : Leuven1_N37_c2
DIMENSION : 37
EDGE_WEIGHT_TYPE : EUC_2D  
NODE_COORD_SECTION  
0 700 1000
1 723 1262
2 772 1286
3 912 951
4 801 1128
5 579 1516
6 1138 1205
7 1251 782
8 925 1333
9 1086 955
10 786 1593
11 1073 1018
12 1120 1151
13 625 1052
14 751 1109
15 580 1576
16 746 1521
17 567 1214
18 757 1283
19 809 1339
20 506 1082
21 693 1118
22 566 1342
23 674 1267
24 975 1295
25 539 1237
26 1185 967
27 884 1070
28 598 1152
29 687 1378
30 594 1338
31 522 1094
32 938 1004
33 597 7
34 996 1867
35 807 357
36 1340 922
DEMAND_SECTION  
0 0 
1 3
2 1
3 3
4 1
5 1
6 1
7 3
8 3
9 1
10 2
11 2
12 1
13 1
14 1
15 1
16 1
17 3
18 1
19 2
20 3
21 3
22 3
23 2
24 3
25 2
26 1
27 2
28 3
29 1
30 2
31 1
32 1
33 2
34 1
35 3
36 2
SERVING_TIME_BY_THE_TRUCK 
0 0 
1 4
2 4
3 4
4 3
5 2
6 4
7 4
8 4
9 5
10 5
11 5
12 3
13 2
14 3
15 3
16 4
17 3
18 3
19 3
20 3
21 3
22 3
23 3
24 5
25 4
26 3
27 4
28 5
29 3
30 4
31 3
32 5
33 3
34 4
35 3
36 4
EOF 
