NAME : Leuven1_N301_a4
DIMENSION : 301
EDGE_WEIGHT_TYPE : EUC_2D  
NODE_COORD_SECTION  
0 700 1000
1 646 1228
2 709 1289
3 834 752
4 482 1013
5 711 1133
6 674 1000
7 627 1047
8 825 1003
9 844 1069
10 562 1022
11 836 1110
12 772 1052
13 941 968
14 522 1075
15 798 1248
16 684 1011
17 710 1229
18 900 1197
19 455 1053
20 574 1015
21 659 1234
22 725 1175
23 908 1151
24 639 1121
25 539 1063
26 491 985
27 673 1164
28 781 1269
29 721 1137
30 562 1250
31 702 1147
32 787 1263
33 660 1282
34 574 1126
35 599 1221
36 651 1158
37 581 1127
38 730 1318
39 858 1475
40 675 1369
41 895 1258
42 1017 1005
43 575 1518
44 740 1306
45 588 1288
46 627 1351
47 587 1366
48 398 1228
49 574 1424
50 1027 1092
51 689 1329
52 786 1283
53 532 1220
54 745 1233
55 717 1148
56 735 1126
57 970 1352
58 650 1189
59 464 1159
60 825 1092
61 724 1171
62 756 1183
63 475 1128
64 743 1375
65 859 929
66 457 1023
67 851 1252
68 898 1250
69 758 1184
70 688 1221
71 910 1280
72 651 1086
73 704 1125
74 543 1031
75 648 1363
76 840 1264
77 654 1291
78 590 883
79 854 1152
80 664 1041
81 311 1187
82 607 1027
83 894 773
84 606 1036
85 735 1306
86 477 1511
87 766 1138
88 877 963
89 338 1371
90 562 1234
91 633 1374
92 590 1297
93 823 1303
94 742 1002
95 712 1116
96 644 1370
97 1042 1435
98 695 1156
99 982 839
100 394 1252
101 718 1128
102 602 1386
103 741 1208
104 968 1377
105 431 1176
106 277 1320
107 1045 1280
108 974 923
109 963 1261
110 832 1160
111 801 1128
112 580 1204
113 1185 967
114 881 1337
115 1131 1161
116 1033 916
117 765 1449
118 914 1296
119 1050 1155
120 299 1299
121 594 1338
122 855 733
123 647 1312
124 970 1270
125 752 1160
126 958 1385
127 724 1353
128 735 1294
129 688 1220
130 660 941
131 593 1160
132 633 1236
133 371 1487
134 446 1214
135 468 1030
136 660 1289
137 458 1282
138 524 769
139 934 1375
140 578 1404
141 658 1280
142 645 1229
143 650 1137
144 812 1566
145 960 920
146 972 1354
147 671 1112
148 725 1193
149 831 1235
150 567 487
151 729 557
152 567 1017
153 643 994
154 1023 1317
155 578 1199
156 689 1353
157 639 946
158 576 906
159 854 1193
160 682 1293
161 731 1362
162 912 1082
163 723 1262
164 421 1185
165 833 792
166 865 1287
167 662 1488
168 777 1318
169 464 1199
170 503 1473
171 884 1070
172 473 1132
173 1076 765
174 546 998
175 738 1175
176 644 1181
177 665 1398
178 616 1573
179 1113 1220
180 513 1297
181 616 1207
182 732 1260
183 625 1041
184 569 1519
185 1097 1207
186 562 1548
187 936 1356
188 952 1020
189 663 1535
190 212 1247
191 356 1304
192 1125 1034
193 881 1390
194 1084 1086
195 758 1472
196 663 1387
197 669 1404
198 490 1509
199 909 1370
200 1049 1469
201 479 1456
202 446 1223
203 429 1139
204 585 1364
205 480 1354
206 1122 1108
207 757 1283
208 621 1318
209 693 1033
210 700 1109
211 263 1391
212 578 1184
213 746 1387
214 590 1572
215 1046 1279
216 503 1027
217 1044 1396
218 410 1383
219 686 1303
220 485 1399
221 583 1372
222 596 1587
223 617 479
224 1148 697
225 668 1397
226 516 1198
227 639 1364
228 788 569
229 235 1375
230 779 1388
231 643 1196
232 667 1490
233 510 1033
234 251 1338
235 803 1307
236 1245 893
237 553 1312
238 444 1002
239 403 1344
240 734 1544
241 452 1532
242 298 1129
243 1017 741
244 842 1316
245 861 600
246 887 1002
247 1029 1401
248 977 1318
249 688 1192
250 604 1492
251 1015 1218
252 611 1534
253 634 1580
254 588 1319
255 1004 995
256 1168 983
257 944 1196
258 723 1582
259 791 765
260 896 1166
261 459 1356
262 576 1328
263 634 1103
264 1050 1876
265 609 274
266 1066 1813
267 1033 1709
268 979 1703
269 489 179
270 828 1751
271 1067 1831
272 577 222
273 833 327
274 876 352
275 941 1792
276 1031 165
277 220 1479
278 543 1720
279 800 1746
280 995 1653
281 318 1555
282 455 1574
283 1024 1844
284 825 1731
285 807 1791
286 420 1640
287 941 177
288 1010 1696
289 873 243
290 308 1638
291 571 254
292 274 1454
293 1036 1685
294 1002 1753
295 1078 1890
296 614 159
297 1019 1681
298 332 1509
299 112 1592
300 996 1851
DEMAND_SECTION  
0 0
1 3
2 1
3 2
4 2
5 1
6 2
7 2
8 2
9 2
10 1
11 3
12 1
13 1
14 1
15 2
16 3
17 1
18 2
19 2
20 3
21 2
22 3
23 1
24 3
25 2
26 3
27 1
28 1
29 2
30 2
31 3
32 2
33 3
34 1
35 1
36 1
37 1
38 1
39 2
40 1
41 2
42 1
43 1
44 3
45 3
46 2
47 1
48 2
49 1
50 3
51 2
52 3
53 2
54 3
55 1
56 1
57 3
58 1
59 2
60 1
61 2
62 3
63 3
64 1
65 2
66 3
67 2
68 1
69 3
70 1
71 2
72 1
73 2
74 3
75 2
76 1
77 1
78 3
79 1
80 1
81 1
82 3
83 1
84 3
85 3
86 1
87 1
88 2
89 1
90 1
91 1
92 1
93 3
94 2
95 3
96 1
97 2
98 2
99 2
100 1
101 1
102 1
103 1
104 1
105 2
106 2
107 2
108 2
109 1
110 1
111 1
112 2
113 1
114 3
115 1
116 3
117 2
118 2
119 2
120 3
121 2
122 1
123 1
124 3
125 3
126 2
127 2
128 1
129 1
130 2
131 1
132 1
133 2
134 1
135 3
136 1
137 3
138 1
139 3
140 1
141 2
142 1
143 2
144 1
145 2
146 3
147 2
148 2
149 1
150 1
151 1
152 2
153 1
154 1
155 2
156 3
157 1
158 2
159 3
160 1
161 3
162 1
163 3
164 1
165 2
166 1
167 3
168 1
169 1
170 3
171 2
172 2
173 1
174 1
175 3
176 2
177 1
178 2
179 2
180 2
181 2
182 3
183 2
184 2
185 1
186 1
187 1
188 1
189 1
190 1
191 3
192 1
193 2
194 2
195 1
196 2
197 2
198 1
199 1
200 2
201 2
202 1
203 1
204 3
205 1
206 1
207 1
208 3
209 1
210 3
211 3
212 3
213 1
214 1
215 1
216 1
217 1
218 1
219 2
220 1
221 3
222 1
223 2
224 1
225 2
226 2
227 1
228 2
229 1
230 2
231 2
232 1
233 3
234 3
235 1
236 1
237 1
238 2
239 2
240 1
241 2
242 1
243 2
244 1
245 1
246 2
247 1
248 2
249 2
250 2
251 2
252 2
253 1
254 1
255 1
256 1
257 2
258 1
259 3
260 1
261 3
262 3
263 1
264 2
265 3
266 2
267 3
268 2
269 3
270 2
271 2
272 1
273 1
274 2
275 1
276 1
277 2
278 1
279 3
280 2
281 3
282 2
283 1
284 3
285 2
286 2
287 1
288 1
289 2
290 1
291 1
292 3
293 1
294 1
295 2
296 3
297 2
298 3
299 1
300 2
SERVING_TIME_BY_THE_TRUCK 
0 0
1 5
2 5
3 3
4 3
5 4
6 3
7 4
8 4
9 3
10 4
11 3
12 4
13 5
14 2
15 4
16 3
17 4
18 4
19 3
20 5
21 3
22 3
23 3
24 5
25 3
26 3
27 3
28 3
29 3
30 3
31 5
32 3
33 4
34 3
35 4
36 3
37 4
38 3
39 4
40 4
41 3
42 3
43 3
44 4
45 5
46 2
47 3
48 2
49 5
50 4
51 3
52 3
53 4
54 3
55 3
56 4
57 4
58 4
59 3
60 2
61 4
62 4
63 3
64 3
65 3
66 5
67 3
68 3
69 4
70 4
71 5
72 3
73 4
74 4
75 3
76 3
77 3
78 3
79 4
80 3
81 4
82 3
83 2
84 3
85 4
86 4
87 4
88 4
89 4
90 4
91 3
92 4
93 5
94 5
95 5
96 4
97 2
98 2
99 2
100 3
101 3
102 3
103 3
104 3
105 4
106 3
107 3
108 3
109 3
110 2
111 3
112 4
113 4
114 4
115 3
116 3
117 3
118 3
119 5
120 4
121 3
122 3
123 4
124 3
125 2
126 4
127 3
128 5
129 3
130 2
131 4
132 3
133 2
134 4
135 5
136 2
137 2
138 5
139 3
140 5
141 3
142 4
143 3
144 3
145 3
146 5
147 4
148 5
149 3
150 5
151 5
152 3
153 5
154 3
155 4
156 4
157 3
158 3
159 2
160 3
161 3
162 4
163 4
164 5
165 2
166 3
167 4
168 5
169 5
170 3
171 5
172 4
173 2
174 3
175 5
176 3
177 3
178 3
179 3
180 3
181 5
182 2
183 4
184 5
185 5
186 4
187 2
188 3
189 2
190 3
191 2
192 3
193 5
194 3
195 3
196 2
197 3
198 4
199 4
200 4
201 4
202 4
203 3
204 2
205 4
206 5
207 5
208 3
209 4
210 4
211 3
212 4
213 3
214 4
215 4
216 4
217 4
218 3
219 4
220 4
221 3
222 4
223 3
224 3
225 3
226 3
227 3
228 3
229 4
230 3
231 4
232 2
233 2
234 3
235 4
236 3
237 4
238 4
239 5
240 3
241 5
242 5
243 4
244 3
245 4
246 4
247 2
248 4
249 3
250 3
251 4
252 3
253 4
254 4
255 3
256 2
257 4
258 3
259 4
260 4
261 4
262 4
263 2
264 4
265 3
266 4
267 4
268 4
269 4
270 2
271 3
272 4
273 3
274 4
275 5
276 2
277 2
278 4
279 3
280 3
281 5
282 4
283 5
284 5
285 3
286 4
287 2
288 4
289 4
290 3
291 4
292 2
293 2
294 3
295 3
296 3
297 4
298 5
299 4
300 3
EOF 
