NAME : Leuven1_N301_b1
DIMENSION : 301
EDGE_WEIGHT_TYPE : EUC_2D  
NODE_COORD_SECTION  
0 700 1000
1 597 842
2 506 1082
3 930 961
4 730 1188
5 993 1055
6 825 1142
7 483 1066
8 664 1041
9 905 1196
10 617 1227
11 884 1070
12 562 1122
13 702 1147
14 541 1056
15 731 1140
16 774 1014
17 654 1239
18 593 1215
19 650 1055
20 694 1284
21 674 1000
22 940 1097
23 926 1124
24 739 1030
25 657 942
26 676 1028
27 620 1247
28 545 945
29 539 1237
30 569 1127
31 724 1282
32 595 1152
33 644 1181
34 655 1018
35 776 1194
36 825 1003
37 619 1112
38 601 1348
39 793 1308
40 457 1219
41 892 1388
42 650 1189
43 681 1089
44 708 1159
45 633 1047
46 807 1230
47 755 1132
48 482 1068
49 889 704
50 426 1122
51 886 770
52 927 1188
53 528 1079
54 398 1228
55 634 1351
56 729 1100
57 660 1065
58 431 1349
59 489 1123
60 541 1058
61 620 1254
62 1015 720
63 815 1036
64 683 1037
65 576 906
66 616 1181
67 553 1556
68 650 1008
69 972 774
70 728 1060
71 699 1553
72 861 600
73 630 1189
74 865 742
75 495 1086
76 812 1362
77 975 1271
78 647 1510
79 828 1307
80 366 1222
81 356 1304
82 1108 1008
83 1085 760
84 1001 1431
85 739 1379
86 1202 1055
87 1183 1046
88 895 1258
89 1031 912
90 459 1435
91 757 1304
92 564 1515
93 734 1387
94 1017 1195
95 447 1298
96 892 1388
97 497 1336
98 982 1437
99 1012 1402
100 968 1377
101 602 1386
102 737 1429
103 678 1430
104 869 626
105 396 1377
106 729 1222
107 492 1412
108 631 1140
109 898 1068
110 1014 1295
111 733 1380
112 604 1191
113 888 1004
114 1007 999
115 621 1318
116 224 1346
117 707 1467
118 492 1559
119 1085 1220
120 450 1155
121 765 1305
122 1180 987
123 648 1134
124 877 963
125 737 1279
126 634 1254
127 1176 1077
128 377 1328
129 586 1275
130 924 1209
131 625 1522
132 847 1139
133 493 1176
134 884 1197
135 793 1189
136 658 1192
137 1097 1207
138 436 1262
139 1101 990
140 953 769
141 338 1192
142 1075 1156
143 457 1088
144 340 1262
145 693 1094
146 613 916
147 662 1125
148 575 1518
149 832 1160
150 708 1124
151 1256 1148
152 736 1184
153 1134 1179
154 705 1260
155 924 1065
156 714 1368
157 1061 723
158 664 1162
159 779 1388
160 655 1385
161 909 1259
162 813 1328
163 685 1151
164 691 1183
165 821 1018
166 604 1070
167 629 1288
168 562 1548
169 590 1275
170 692 958
171 583 1373
172 654 1134
173 496 1171
174 854 1152
175 637 1171
176 424 1285
177 611 1259
178 678 1021
179 661 1464
180 1072 1179
181 727 1307
182 906 1209
183 842 1374
184 586 487
185 882 602
186 1177 697
187 515 1210
188 1251 782
189 855 733
190 901 629
191 904 1112
192 549 1462
193 671 1144
194 934 1238
195 715 1186
196 823 1183
197 896 678
198 970 943
199 665 1446
200 508 1413
201 728 1104
202 709 1581
203 767 1287
204 698 1092
205 800 1133
206 972 1076
207 424 1451
208 1097 1065
209 798 1248
210 654 1305
211 751 1346
212 738 1058
213 263 1391
214 1164 708
215 796 1145
216 565 1327
217 467 1305
218 1039 1083
219 672 1092
220 852 1026
221 464 1199
222 1033 916
223 620 1497
224 878 976
225 1139 1186
226 923 1320
227 390 1424
228 682 1303
229 724 1595
230 624 1504
231 1045 1280
232 978 1394
233 403 1471
234 1061 1094
235 491 1237
236 510 1376
237 882 1040
238 624 958
239 889 1088
240 475 1128
241 911 1328
242 408 1479
243 816 1242
244 324 1242
245 717 1148
246 702 1140
247 520 1235
248 331 1301
249 970 1270
250 1071 742
251 848 637
252 729 557
253 1017 1076
254 299 1299
255 750 1073
256 738 1165
257 366 1490
258 698 644
259 675 1369
260 280 1174
261 287 1118
262 1024 1367
263 741 1593
264 1066 1813
265 1005 1885
266 1024 1844
267 623 296
268 249 1460
269 1008 1540
270 238 1498
271 1043 33
272 445 105
273 305 1589
274 576 15
275 1089 1861
276 309 1503
277 373 1591
278 107 1527
279 560 1601
280 1310 796
281 229 1468
282 876 352
283 972 84
284 919 98
285 277 1467
286 410 1657
287 606 326
288 764 1660
289 812 1706
290 522 1583
291 818 226
292 429 1652
293 860 1637
294 866 213
295 107 1543
296 1375 1042
297 543 1720
298 324 1583
299 1023 1725
300 588 1601
DEMAND_SECTION  
0 0
1 1
2 3
3 2
4 2
5 1
6 1
7 3
8 1
9 2
10 2
11 2
12 1
13 3
14 1
15 2
16 2
17 1
18 3
19 1
20 1
21 2
22 3
23 2
24 1
25 2
26 1
27 3
28 1
29 2
30 1
31 2
32 1
33 2
34 1
35 3
36 2
37 3
38 1
39 2
40 1
41 3
42 1
43 2
44 3
45 1
46 3
47 3
48 1
49 1
50 2
51 1
52 1
53 1
54 2
55 1
56 2
57 3
58 2
59 2
60 1
61 2
62 1
63 1
64 1
65 2
66 2
67 1
68 2
69 2
70 3
71 1
72 1
73 1
74 1
75 1
76 1
77 2
78 1
79 3
80 1
81 3
82 2
83 1
84 2
85 1
86 3
87 3
88 2
89 3
90 2
91 1
92 1
93 1
94 1
95 3
96 1
97 2
98 2
99 2
100 1
101 1
102 3
103 2
104 1
105 2
106 1
107 1
108 1
109 2
110 2
111 1
112 1
113 3
114 3
115 3
116 2
117 2
118 2
119 2
120 3
121 1
122 1
123 2
124 2
125 2
126 1
127 1
128 1
129 3
130 1
131 2
132 2
133 3
134 1
135 3
136 1
137 1
138 1
139 1
140 1
141 1
142 1
143 1
144 2
145 2
146 1
147 2
148 1
149 1
150 1
151 1
152 1
153 1
154 1
155 1
156 1
157 1
158 1
159 2
160 1
161 1
162 2
163 3
164 2
165 2
166 3
167 1
168 1
169 2
170 2
171 1
172 2
173 3
174 1
175 1
176 1
177 1
178 1
179 1
180 1
181 3
182 1
183 2
184 1
185 3
186 1
187 1
188 3
189 1
190 1
191 2
192 2
193 1
194 1
195 2
196 3
197 3
198 1
199 3
200 2
201 1
202 3
203 1
204 1
205 1
206 3
207 2
208 1
209 2
210 1
211 3
212 2
213 3
214 1
215 1
216 1
217 1
218 1
219 1
220 3
221 1
222 3
223 1
224 1
225 1
226 1
227 3
228 2
229 1
230 3
231 2
232 3
233 2
234 3
235 3
236 2
237 3
238 1
239 1
240 3
241 1
242 1
243 1
244 3
245 1
246 1
247 3
248 2
249 3
250 2
251 2
252 1
253 1
254 3
255 3
256 1
257 1
258 1
259 1
260 1
261 1
262 3
263 2
264 2
265 1
266 1
267 1
268 2
269 1
270 1
271 1
272 1
273 1
274 3
275 3
276 2
277 2
278 1
279 1
280 3
281 3
282 2
283 1
284 1
285 1
286 3
287 2
288 1
289 1
290 2
291 1
292 3
293 3
294 2
295 1
296 1
297 1
298 2
299 2
300 3
SERVING_TIME_BY_THE_TRUCK 
0 0
1 2
2 4
3 3
4 3
5 5
6 4
7 2
8 4
9 4
10 5
11 3
12 4
13 3
14 3
15 2
16 5
17 4
18 3
19 3
20 2
21 4
22 5
23 2
24 3
25 3
26 5
27 3
28 3
29 5
30 5
31 4
32 3
33 4
34 3
35 2
36 4
37 5
38 3
39 3
40 4
41 5
42 3
43 3
44 5
45 3
46 3
47 4
48 2
49 4
50 4
51 5
52 3
53 4
54 4
55 2
56 4
57 4
58 2
59 3
60 3
61 4
62 5
63 5
64 4
65 4
66 5
67 2
68 4
69 3
70 2
71 5
72 4
73 3
74 2
75 4
76 3
77 5
78 4
79 5
80 4
81 4
82 5
83 3
84 3
85 4
86 2
87 3
88 4
89 4
90 3
91 5
92 3
93 2
94 5
95 3
96 2
97 3
98 4
99 3
100 2
101 3
102 3
103 4
104 2
105 3
106 3
107 4
108 4
109 3
110 3
111 3
112 4
113 3
114 3
115 4
116 4
117 3
118 4
119 3
120 3
121 3
122 4
123 4
124 4
125 4
126 2
127 5
128 4
129 3
130 5
131 4
132 5
133 5
134 4
135 5
136 4
137 2
138 3
139 4
140 3
141 3
142 4
143 3
144 2
145 2
146 3
147 2
148 5
149 4
150 2
151 3
152 5
153 5
154 2
155 4
156 3
157 3
158 5
159 2
160 3
161 5
162 5
163 4
164 4
165 2
166 3
167 3
168 3
169 4
170 3
171 2
172 3
173 4
174 5
175 5
176 4
177 4
178 3
179 4
180 5
181 3
182 4
183 4
184 3
185 4
186 3
187 2
188 3
189 2
190 5
191 5
192 4
193 2
194 4
195 3
196 4
197 4
198 4
199 4
200 2
201 3
202 2
203 4
204 4
205 4
206 4
207 4
208 4
209 3
210 5
211 4
212 4
213 2
214 3
215 5
216 4
217 3
218 3
219 5
220 4
221 3
222 4
223 5
224 2
225 4
226 4
227 5
228 4
229 3
230 3
231 5
232 5
233 2
234 4
235 3
236 4
237 4
238 3
239 4
240 3
241 5
242 5
243 3
244 4
245 2
246 4
247 3
248 5
249 2
250 3
251 4
252 3
253 4
254 3
255 4
256 2
257 3
258 4
259 4
260 3
261 2
262 3
263 4
264 2
265 2
266 3
267 4
268 5
269 3
270 2
271 2
272 2
273 4
274 2
275 3
276 3
277 5
278 2
279 4
280 5
281 2
282 3
283 5
284 2
285 3
286 3
287 4
288 3
289 3
290 2
291 2
292 5
293 2
294 2
295 5
296 2
297 5
298 2
299 4
300 4
EOF 
