NAME : Leuven1_N22_c5
DIMENSION : 22
EDGE_WEIGHT_TYPE : EUC_2D  
NODE_COORD_SECTION  
0 700 1000
1 801 1109
2 768 1124
3 1148 697
4 459 1435
5 590 1232
6 626 1124
7 684 935
8 819 1112
9 338 1144
10 461 1305
11 620 1497
12 910 1280
13 1019 1292
14 1145 1086
15 699 1553
16 758 1163
17 755 1132
18 622 1188
19 586 1345
20 683 1622
21 23 1576
DEMAND_SECTION  
0 0 
1 1
2 1
3 1
4 2
5 2
6 1
7 1
8 1
9 3
10 1
11 1
12 2
13 2
14 1
15 1
16 2
17 3
18 3
19 2
20 1
21 1
SERVING_TIME_BY_THE_TRUCK 
0 0 
1 3
2 2
3 4
4 3
5 2
6 4
7 5
8 4
9 2
10 5
11 3
12 5
13 4
14 4
15 4
16 4
17 2
18 4
19 3
20 3
21 4
EOF 
