NAME : Leuven1_N34_a3
DIMENSION : 34
EDGE_WEIGHT_TYPE : EUC_2D  
NODE_COORD_SECTION  
0 700 1000
1 536 1148
2 581 940
3 662 1009
4 766 1291
5 452 1298
6 655 1018
7 629 1253
8 634 1171
9 729 1142
10 715 1017
11 686 1189
12 898 1045
13 1141 1213
14 634 1292
15 470 1179
16 979 785
17 518 1141
18 929 1139
19 754 1108
20 654 1239
21 633 1047
22 941 1262
23 1074 1455
24 429 1297
25 897 667
26 879 1158
27 858 1048
28 617 1377
29 832 1160
30 893 321
31 503 1662
32 232 1443
33 551 255
DEMAND_SECTION  
0 0
1 1
2 1
3 1
4 1
5 1
6 1
7 3
8 2
9 2
10 3
11 1
12 1
13 3
14 1
15 1
16 1
17 1
18 1
19 1
20 1
21 1
22 1
23 3
24 1
25 3
26 2
27 2
28 2
29 1
30 1
31 2
32 2
33 1
SERVING_TIME_BY_THE_TRUCK 
0 0
1 4
2 3
3 3
4 4
5 4
6 5
7 3
8 2
9 5
10 3
11 5
12 2
13 4
14 2
15 3
16 3
17 3
18 2
19 2
20 3
21 5
22 4
23 4
24 3
25 4
26 3
27 5
28 3
29 4
30 2
31 3
32 5
33 3
EOF 
