NAME : Leuven1_N34_a5
DIMENSION : 34
EDGE_WEIGHT_TYPE : EUC_2D  
NODE_COORD_SECTION  
0 700 1000
1 833 792
2 508 1087
3 941 968
4 889 1046
5 706 661
6 662 1009
7 610 1024
8 937 1156
9 1082 764
10 385 1320
11 513 1348
12 822 824
13 716 1317
14 900 728
15 564 1441
16 707 1016
17 758 1468
18 747 1059
19 662 1125
20 815 1036
21 418 1303
22 765 451
23 464 1199
24 711 1173
25 583 713
26 760 1177
27 1071 1421
28 588 1458
29 819 1112
30 595 248
31 1340 1122
32 825 1731
33 307 1903
DEMAND_SECTION  
0 0
1 2
2 2
3 1
4 1
5 2
6 1
7 1
8 2
9 1
10 1
11 1
12 1
13 1
14 3
15 2
16 1
17 1
18 2
19 2
20 1
21 1
22 1
23 1
24 2
25 3
26 2
27 1
28 3
29 1
30 1
31 1
32 3
33 1
SERVING_TIME_BY_THE_TRUCK 
0 0
1 2
2 4
3 4
4 5
5 4
6 2
7 4
8 5
9 4
10 3
11 4
12 5
13 3
14 5
15 2
16 5
17 4
18 5
19 3
20 4
21 4
22 3
23 2
24 5
25 2
26 5
27 4
28 5
29 4
30 3
31 3
32 4
33 2
EOF 
