NAME : Leuven1_N301_b5
DIMENSION : 301
EDGE_WEIGHT_TYPE : EUC_2D  
NODE_COORD_SECTION  
0 700 1000
1 591 966
2 595 1213
3 468 1130
4 625 1052
5 718 1158
6 674 1267
7 654 1291
8 934 1001
9 735 1138
10 577 1094
11 490 1186
12 756 1183
13 660 1266
14 759 1277
15 562 1250
16 452 1116
17 562 1080
18 790 1254
19 689 802
20 585 1180
21 716 1150
22 677 1192
23 951 1042
24 711 1133
25 895 1134
26 948 922
27 903 1074
28 552 1005
29 754 1250
30 788 1044
31 546 1067
32 627 1169
33 776 1194
34 619 1147
35 819 1262
36 626 1124
37 634 1172
38 617 1377
39 707 1317
40 765 1305
41 881 1337
42 884 1190
43 662 1165
44 519 1252
45 491 1237
46 660 1243
47 735 1101
48 647 1193
49 525 1376
50 909 1370
51 1185 967
52 556 1232
53 944 1196
54 949 1285
55 664 921
56 656 641
57 720 1299
58 277 1320
59 738 1058
60 849 742
61 518 1003
62 829 1261
63 598 1322
64 305 1123
65 884 1070
66 812 1271
67 616 1202
68 840 1029
69 468 1115
70 891 775
71 888 1004
72 539 1101
73 603 1341
74 1084 1156
75 886 1224
76 893 766
77 1086 955
78 627 1584
79 585 1284
80 886 1289
81 644 1370
82 1061 1094
83 287 1118
84 758 592
85 409 1221
86 624 1504
87 581 1330
88 1186 1071
89 900 711
90 379 1309
91 589 1418
92 749 1299
93 641 1453
94 977 1204
95 472 1379
96 870 679
97 1076 1131
98 779 1371
99 1192 1295
100 922 1425
101 1093 1153
102 1198 1020
103 602 1017
104 690 1046
105 683 1078
106 989 1389
107 845 1092
108 659 1158
109 832 1160
110 895 1258
111 724 1171
112 724 1282
113 621 1496
114 453 1012
115 211 1341
116 763 1142
117 663 1387
118 492 1412
119 374 1406
120 322 1252
121 709 1177
122 302 1243
123 529 1099
124 867 1418
125 990 780
126 703 1145
127 424 1108
128 618 1265
129 1001 1219
130 550 1124
131 973 962
132 697 1533
133 633 1213
134 455 1156
135 840 727
136 896 1348
137 1153 956
138 1174 982
139 587 855
140 421 1185
141 767 1299
142 1170 1142
143 812 1362
144 729 1265
145 1092 1043
146 710 1508
147 1034 1381
148 735 1524
149 635 1135
150 639 946
151 442 1363
152 539 1382
153 695 1013
154 686 1375
155 718 1100
156 853 691
157 709 1289
158 436 1248
159 1012 1402
160 536 1377
161 726 1135
162 980 1324
163 872 1170
164 244 1244
165 815 1036
166 1085 909
167 590 924
168 904 1112
169 681 1182
170 580 1204
171 1071 1421
172 617 1282
173 437 1383
174 600 1011
175 891 1268
176 1124 1172
177 539 1392
178 861 702
179 734 1544
180 628 1579
181 1017 1246
182 1130 751
183 468 1241
184 589 1537
185 900 1034
186 431 1349
187 583 1091
188 819 1092
189 826 1196
190 675 1568
191 919 1250
192 749 1597
193 611 1358
194 654 937
195 1014 841
196 681 1047
197 576 1261
198 768 1210
199 604 924
200 1042 1201
201 651 1383
202 701 1323
203 704 1148
204 575 1278
205 627 1047
206 814 833
207 465 1143
208 1183 1191
209 616 1164
210 480 1316
211 688 1192
212 729 557
213 837 1289
214 921 752
215 454 1237
216 1014 1295
217 777 1188
218 418 1303
219 742 1428
220 842 1308
221 1220 1028
222 452 1532
223 706 661
224 764 567
225 718 1223
226 765 451
227 1012 1254
228 405 1442
229 1159 696
230 993 1267
231 709 1443
232 425 1349
233 697 1449
234 369 1452
235 632 1411
236 617 479
237 381 1242
238 976 1385
239 1031 1202
240 1177 697
241 622 1188
242 847 1282
243 745 1233
244 876 1270
245 263 1391
246 596 1382
247 430 1134
248 475 1481
249 588 1478
250 605 820
251 898 1081
252 665 1398
253 826 1531
254 522 1519
255 770 1284
256 1231 759
257 997 1211
258 457 1138
259 892 780
260 576 1569
261 1138 824
262 717 1258
263 842 1316
264 1007 1736
265 499 108
266 382 1562
267 771 370
268 1143 1484
269 289 1505
270 314 1646
271 825 1731
272 49 1586
273 229 1392
274 594 1615
275 1009 1601
276 359 1665
277 784 1815
278 942 116
279 794 235
280 912 1727
281 917 150
282 1031 1776
283 826 384
284 1338 1139
285 1026 1882
286 816 1769
287 716 249
288 322 1611
289 329 1617
290 1047 1609
291 309 1503
292 1036 1891
293 79 1508
294 605 56
295 982 1713
296 287 1483
297 551 255
298 1045 1721
299 389 1616
300 571 231
DEMAND_SECTION  
0 0
1 2
2 2
3 2
4 1
5 3
6 2
7 1
8 1
9 3
10 2
11 1
12 3
13 1
14 1
15 2
16 3
17 1
18 2
19 1
20 3
21 3
22 3
23 1
24 1
25 3
26 2
27 1
28 3
29 3
30 1
31 2
32 1
33 3
34 3
35 3
36 1
37 1
38 2
39 1
40 1
41 3
42 1
43 1
44 1
45 3
46 3
47 1
48 2
49 2
50 1
51 1
52 3
53 2
54 3
55 3
56 2
57 1
58 2
59 2
60 1
61 2
62 2
63 1
64 1
65 2
66 1
67 2
68 1
69 3
70 1
71 3
72 1
73 3
74 2
75 2
76 1
77 1
78 3
79 2
80 3
81 1
82 3
83 1
84 3
85 3
86 3
87 2
88 2
89 3
90 2
91 3
92 2
93 1
94 1
95 2
96 1
97 1
98 1
99 2
100 2
101 1
102 1
103 1
104 3
105 1
106 1
107 1
108 1
109 1
110 2
111 2
112 2
113 2
114 1
115 2
116 1
117 2
118 1
119 1
120 1
121 1
122 2
123 1
124 2
125 2
126 3
127 1
128 2
129 2
130 1
131 2
132 1
133 3
134 3
135 1
136 1
137 1
138 1
139 1
140 1
141 1
142 1
143 1
144 1
145 2
146 2
147 1
148 2
149 3
150 1
151 3
152 1
153 1
154 1
155 3
156 3
157 1
158 2
159 2
160 1
161 1
162 3
163 3
164 1
165 1
166 1
167 1
168 2
169 3
170 2
171 1
172 1
173 1
174 3
175 2
176 1
177 2
178 1
179 1
180 2
181 2
182 1
183 2
184 2
185 1
186 2
187 1
188 1
189 1
190 3
191 2
192 2
193 1
194 2
195 1
196 2
197 3
198 2
199 1
200 3
201 2
202 2
203 2
204 1
205 2
206 1
207 3
208 2
209 3
210 2
211 2
212 1
213 3
214 1
215 3
216 2
217 1
218 1
219 1
220 2
221 1
222 2
223 2
224 3
225 1
226 1
227 2
228 1
229 1
230 1
231 1
232 2
233 1
234 2
235 2
236 2
237 1
238 2
239 1
240 1
241 3
242 3
243 3
244 1
245 3
246 2
247 2
248 3
249 1
250 3
251 2
252 1
253 1
254 3
255 2
256 2
257 2
258 1
259 2
260 3
261 1
262 1
263 1
264 2
265 3
266 2
267 1
268 2
269 1
270 3
271 3
272 3
273 1
274 3
275 1
276 1
277 3
278 1
279 2
280 1
281 3
282 1
283 2
284 2
285 1
286 1
287 1
288 3
289 1
290 1
291 2
292 2
293 1
294 1
295 1
296 2
297 1
298 3
299 1
300 2
SERVING_TIME_BY_THE_TRUCK 
0 0
1 2
2 3
3 3
4 3
5 3
6 5
7 4
8 3
9 2
10 3
11 2
12 5
13 2
14 3
15 2
16 2
17 4
18 4
19 3
20 3
21 3
22 3
23 2
24 3
25 4
26 5
27 5
28 4
29 4
30 4
31 2
32 3
33 2
34 3
35 5
36 4
37 3
38 5
39 2
40 3
41 2
42 3
43 4
44 4
45 5
46 5
47 2
48 3
49 4
50 5
51 3
52 3
53 3
54 3
55 5
56 2
57 2
58 5
59 4
60 2
61 4
62 3
63 4
64 4
65 4
66 3
67 4
68 5
69 4
70 2
71 3
72 4
73 3
74 3
75 5
76 5
77 2
78 5
79 3
80 4
81 4
82 4
83 5
84 2
85 3
86 3
87 3
88 2
89 3
90 3
91 4
92 3
93 4
94 3
95 5
96 4
97 5
98 3
99 4
100 3
101 4
102 3
103 5
104 3
105 5
106 4
107 4
108 4
109 5
110 4
111 2
112 3
113 4
114 5
115 4
116 3
117 4
118 3
119 4
120 4
121 4
122 3
123 3
124 5
125 5
126 3
127 3
128 4
129 2
130 4
131 5
132 2
133 4
134 4
135 3
136 3
137 3
138 4
139 5
140 3
141 4
142 3
143 4
144 3
145 3
146 3
147 3
148 3
149 4
150 4
151 3
152 4
153 5
154 2
155 2
156 2
157 3
158 4
159 3
160 4
161 3
162 3
163 4
164 5
165 4
166 2
167 5
168 4
169 3
170 4
171 4
172 3
173 5
174 3
175 3
176 4
177 3
178 5
179 5
180 3
181 4
182 4
183 3
184 3
185 4
186 2
187 3
188 5
189 4
190 4
191 3
192 3
193 2
194 3
195 4
196 4
197 5
198 3
199 4
200 5
201 4
202 3
203 4
204 3
205 2
206 4
207 4
208 5
209 2
210 5
211 4
212 2
213 4
214 2
215 4
216 3
217 4
218 3
219 4
220 3
221 2
222 5
223 4
224 5
225 4
226 5
227 4
228 4
229 3
230 4
231 4
232 4
233 5
234 3
235 3
236 3
237 3
238 3
239 5
240 3
241 4
242 2
243 5
244 4
245 3
246 3
247 4
248 3
249 5
250 3
251 4
252 5
253 5
254 4
255 4
256 3
257 3
258 4
259 2
260 3
261 4
262 3
263 3
264 5
265 3
266 3
267 4
268 4
269 4
270 3
271 3
272 5
273 4
274 3
275 3
276 3
277 3
278 3
279 2
280 2
281 3
282 4
283 2
284 2
285 5
286 3
287 2
288 4
289 4
290 3
291 3
292 3
293 5
294 5
295 3
296 4
297 4
298 4
299 5
300 3
EOF 
