NAME : Leuven1_N301_c2
DIMENSION : 301
EDGE_WEIGHT_TYPE : EUC_2D  
NODE_COORD_SECTION  
0 700 1000
1 906 1209
2 677 1192
3 632 1047
4 759 1277
5 567 1264
6 796 1217
7 879 1228
8 730 1188
9 884 1190
10 641 1188
11 774 1242
12 691 1183
13 886 770
14 711 1133
15 526 1226
16 679 1217
17 662 1165
18 662 1109
19 574 964
20 634 1292
21 457 1030
22 963 927
23 793 1189
24 687 1225
25 659 1158
26 913 1045
27 665 1066
28 766 1138
29 688 1220
30 683 1103
31 563 1185
32 977 973
33 694 1147
34 604 924
35 656 1101
36 852 1026
37 456 1014
38 1007 1273
39 949 1285
40 632 1411
41 601 1348
42 687 1378
43 663 1387
44 258 1398
45 234 1301
46 1249 835
47 602 1287
48 1172 925
49 257 1310
50 949 1231
51 697 1533
52 909 1294
53 607 1412
54 997 1211
55 471 1332
56 486 1414
57 613 682
58 1113 1220
59 594 1521
60 865 1377
61 616 1385
62 1110 1051
63 840 727
64 621 442
65 443 1395
66 700 1571
67 569 1285
68 854 1330
69 291 1368
70 566 1342
71 443 1210
72 1099 762
73 1166 1085
74 861 1384
75 424 1285
76 900 1373
77 430 1134
78 616 1577
79 837 1289
80 653 1338
81 567 487
82 567 1497
83 999 1277
84 471 1356
85 457 1219
86 934 1368
87 758 592
88 858 1029
89 632 1188
90 522 1075
91 763 1142
92 611 1572
93 625 1052
94 732 1260
95 1120 1073
96 941 968
97 675 1100
98 471 1067
99 506 1359
100 510 1376
101 1244 1050
102 945 1345
103 932 962
104 568 1120
105 823 1276
106 610 1024
107 942 794
108 898 1286
109 1072 1179
110 1046 1279
111 459 1356
112 1020 1355
113 400 1455
114 606 418
115 302 1243
116 1148 697
117 951 1367
118 966 1056
119 690 1273
120 953 953
121 422 1220
122 479 1114
123 678 1300
124 618 1265
125 620 1497
126 984 1282
127 868 1103
128 756 1183
129 562 1234
130 700 1193
131 750 1207
132 1020 1025
133 331 1285
134 744 1108
135 326 1370
136 897 667
137 613 1214
138 594 1042
139 587 1090
140 1192 799
141 924 1209
142 596 1225
143 734 1544
144 762 1167
145 882 602
146 765 451
147 993 1257
148 667 1080
149 1099 934
150 678 1021
151 588 1478
152 898 1141
153 286 1303
154 614 1578
155 634 1080
156 674 932
157 684 1271
158 1108 1008
159 602 1419
160 597 1587
161 634 1103
162 993 930
163 696 1578
164 977 1351
165 627 1319
166 625 1522
167 751 1393
168 682 1303
169 409 1221
170 673 1137
171 521 1066
172 721 1130
173 647 1312
174 640 1238
175 304 1265
176 834 752
177 1085 909
178 468 1030
179 536 1356
180 343 1167
181 403 1178
182 338 1371
183 805 1221
184 631 1327
185 865 1368
186 960 957
187 579 1516
188 1097 1177
189 577 1094
190 578 1184
191 601 996
192 393 1333
193 593 761
194 533 1173
195 638 1203
196 731 1418
197 744 1461
198 841 1315
199 708 1520
200 854 1152
201 906 1105
202 1031 1211
203 588 1338
204 375 1468
205 611 1534
206 491 1237
207 368 1440
208 890 788
209 892 780
210 697 1008
211 900 1197
212 937 1156
213 1010 1257
214 594 1338
215 530 1042
216 586 1345
217 895 1134
218 604 1456
219 933 960
220 738 1165
221 679 1113
222 898 1250
223 367 1201
224 605 1558
225 987 1459
226 394 1444
227 1112 612
228 424 1271
229 933 1170
230 1007 1217
231 972 1218
232 1033 1239
233 1145 1086
234 601 916
235 487 1016
236 424 1451
237 567 1214
238 771 1137
239 678 1004
240 898 1285
241 345 1283
242 959 1248
243 723 1582
244 461 1305
245 553 1312
246 728 1104
247 1148 1102
248 732 1257
249 698 1044
250 796 1154
251 891 680
252 597 1066
253 889 1088
254 872 764
255 658 1192
256 819 1262
257 548 1152
258 867 1290
259 660 1355
260 685 1153
261 370 1323
262 249 1252
263 396 1377
264 676 1678
265 479 1562
266 430 69
267 1373 971
268 721 374
269 389 1616
270 1024 32
271 1015 1798
272 526 1781
273 307 1903
274 623 40
275 1012 1755
276 212 1415
277 930 1684
278 94 1511
279 569 49
280 1008 1540
281 97 1535
282 1000 1570
283 1281 1201
284 1072 1866
285 505 201
286 1000 1805
287 957 377
288 1082 97
289 617 1599
290 77 1563
291 865 1844
292 917 1779
293 1045 1721
294 773 219
295 612 1659
296 1012 1653
297 226 1403
298 278 1444
299 885 1817
300 1017 1629
DEMAND_SECTION  
0 0 
1 1
2 3
3 2
4 1
5 2
6 1
7 1
8 2
9 1
10 3
11 3
12 2
13 1
14 1
15 2
16 1
17 1
18 2
19 3
20 1
21 1
22 2
23 3
24 3
25 1
26 2
27 1
28 1
29 1
30 1
31 1
32 3
33 1
34 1
35 1
36 3
37 3
38 2
39 3
40 2
41 1
42 1
43 2
44 1
45 1
46 2
47 2
48 2
49 3
50 2
51 1
52 1
53 2
54 2
55 2
56 1
57 1
58 2
59 3
60 1
61 3
62 1
63 1
64 1
65 1
66 1
67 1
68 1
69 2
70 3
71 1
72 1
73 1
74 2
75 1
76 3
77 2
78 1
79 3
80 1
81 1
82 1
83 1
84 1
85 1
86 1
87 3
88 1
89 1
90 1
91 1
92 1
93 1
94 3
95 1
96 1
97 2
98 3
99 3
100 2
101 1
102 2
103 1
104 1
105 1
106 1
107 3
108 1
109 1
110 1
111 3
112 1
113 2
114 1
115 2
116 1
117 2
118 1
119 1
120 1
121 1
122 1
123 1
124 2
125 1
126 1
127 1
128 3
129 1
130 2
131 3
132 1
133 1
134 3
135 2
136 3
137 1
138 1
139 1
140 2
141 1
142 1
143 1
144 1
145 3
146 1
147 2
148 1
149 3
150 1
151 1
152 3
153 1
154 2
155 1
156 2
157 1
158 2
159 1
160 1
161 1
162 3
163 1
164 1
165 1
166 2
167 1
168 2
169 3
170 3
171 2
172 1
173 1
174 3
175 3
176 2
177 1
178 3
179 1
180 1
181 2
182 1
183 1
184 1
185 1
186 1
187 1
188 1
189 2
190 3
191 2
192 1
193 3
194 1
195 3
196 1
197 1
198 1
199 2
200 1
201 1
202 1
203 2
204 1
205 2
206 3
207 3
208 3
209 2
210 1
211 2
212 2
213 2
214 2
215 1
216 2
217 3
218 2
219 1
220 1
221 3
222 1
223 1
224 1
225 1
226 2
227 2
228 3
229 2
230 1
231 1
232 1
233 1
234 2
235 1
236 2
237 3
238 3
239 1
240 1
241 2
242 2
243 1
244 1
245 1
246 1
247 1
248 3
249 2
250 1
251 1
252 1
253 1
254 1
255 1
256 3
257 2
258 3
259 1
260 1
261 1
262 3
263 2
264 1
265 1
266 1
267 2
268 1
269 1
270 2
271 3
272 2
273 1
274 3
275 1
276 3
277 1
278 2
279 2
280 1
281 3
282 1
283 2
284 1
285 3
286 1
287 1
288 3
289 2
290 1
291 3
292 2
293 3
294 1
295 3
296 3
297 2
298 2
299 2
300 1
SERVING_TIME_BY_THE_TRUCK 
0 0 
1 3
2 3
3 3
4 5
5 4
6 4
7 2
8 3
9 3
10 2
11 5
12 5
13 4
14 2
15 3
16 2
17 2
18 3
19 3
20 4
21 3
22 5
23 4
24 5
25 5
26 5
27 2
28 3
29 4
30 3
31 2
32 3
33 3
34 2
35 3
36 3
37 4
38 2
39 5
40 2
41 4
42 5
43 3
44 4
45 3
46 2
47 2
48 3
49 2
50 5
51 4
52 4
53 5
54 5
55 3
56 4
57 3
58 2
59 3
60 3
61 4
62 2
63 5
64 5
65 4
66 3
67 4
68 3
69 3
70 4
71 5
72 2
73 5
74 3
75 2
76 5
77 2
78 4
79 4
80 4
81 4
82 4
83 4
84 3
85 3
86 4
87 4
88 5
89 4
90 4
91 3
92 3
93 2
94 2
95 3
96 3
97 2
98 2
99 5
100 2
101 4
102 3
103 3
104 4
105 4
106 4
107 4
108 4
109 2
110 2
111 4
112 4
113 4
114 3
115 3
116 3
117 4
118 2
119 2
120 2
121 3
122 3
123 3
124 5
125 5
126 5
127 4
128 4
129 2
130 4
131 2
132 3
133 3
134 4
135 2
136 5
137 3
138 3
139 3
140 4
141 3
142 3
143 4
144 4
145 4
146 2
147 3
148 2
149 2
150 4
151 5
152 2
153 4
154 2
155 3
156 2
157 5
158 4
159 2
160 3
161 5
162 5
163 4
164 4
165 3
166 5
167 3
168 2
169 5
170 3
171 3
172 4
173 4
174 5
175 3
176 5
177 4
178 3
179 2
180 4
181 5
182 3
183 3
184 4
185 2
186 3
187 3
188 5
189 3
190 2
191 2
192 5
193 2
194 5
195 4
196 5
197 4
198 4
199 2
200 3
201 3
202 3
203 4
204 3
205 5
206 5
207 3
208 5
209 2
210 3
211 2
212 3
213 2
214 4
215 4
216 2
217 3
218 5
219 4
220 2
221 5
222 4
223 5
224 2
225 4
226 3
227 4
228 3
229 3
230 5
231 4
232 4
233 3
234 3
235 4
236 2
237 2
238 3
239 4
240 5
241 4
242 4
243 4
244 2
245 2
246 3
247 3
248 2
249 3
250 2
251 3
252 3
253 4
254 4
255 2
256 2
257 4
258 3
259 4
260 3
261 5
262 4
263 3
264 3
265 4
266 3
267 4
268 3
269 5
270 2
271 3
272 3
273 4
274 4
275 5
276 2
277 5
278 4
279 2
280 5
281 3
282 4
283 5
284 3
285 4
286 4
287 2
288 4
289 5
290 4
291 2
292 4
293 5
294 3
295 5
296 2
297 5
298 2
299 4
300 3
EOF 
