NAME : Leuven1_N34_c4
DIMENSION : 34
EDGE_WEIGHT_TYPE : EUC_2D  
NODE_COORD_SECTION  
0 700 1000
1 933 960
2 826 1196
3 925 920
4 583 898
5 1031 912
6 935 1368
7 396 1474
8 919 1379
9 659 1398
10 863 744
11 977 1318
12 758 1184
13 719 1159
14 604 1424
15 665 1129
16 717 1148
17 869 626
18 678 1512
19 753 1552
20 627 1584
21 1166 1112
22 293 1127
23 619 1112
24 844 955
25 925 1333
26 629 1288
27 1168 731
28 804 1065
29 503 1473
30 270 1442
31 614 207
32 933 144
33 982 1713
DEMAND_SECTION  
0 0 
1 1
2 1
3 1
4 2
5 3
6 1
7 1
8 1
9 1
10 2
11 2
12 3
13 2
14 1
15 2
16 1
17 1
18 1
19 1
20 3
21 1
22 1
23 3
24 1
25 3
26 1
27 3
28 1
29 3
30 1
31 2
32 1
33 1
SERVING_TIME_BY_THE_TRUCK 
0 0 
1 4
2 5
3 3
4 3
5 2
6 3
7 3
8 2
9 4
10 3
11 3
12 4
13 4
14 4
15 4
16 3
17 4
18 4
19 5
20 4
21 2
22 2
23 3
24 4
25 4
26 4
27 3
28 5
29 4
30 2
31 5
32 3
33 4
EOF 
