NAME : Leuven1_N31_c3
DIMENSION : 31
EDGE_WEIGHT_TYPE : EUC_2D  
NODE_COORD_SECTION  
0 700 1000
1 725 1175
2 457 1088
3 683 1078
4 1073 1018
5 921 752
6 856 1356
7 821 1542
8 1138 1205
9 749 1597
10 1113 1220
11 1072 1179
12 1005 1447
13 1087 703
14 1043 1245
15 601 1191
16 677 1196
17 578 1404
18 1024 1367
19 408 1479
20 557 1259
21 956 1031
22 367 1201
23 865 923
24 744 1127
25 567 1566
26 691 1404
27 491 1121
28 278 1444
29 112 1592
30 759 234
DEMAND_SECTION  
0 0 
1 1
2 1
3 1
4 2
5 1
6 1
7 1
8 1
9 2
10 2
11 1
12 1
13 3
14 3
15 1
16 1
17 1
18 3
19 1
20 1
21 3
22 1
23 1
24 2
25 2
26 3
27 1
28 2
29 1
30 2
SERVING_TIME_BY_THE_TRUCK 
0 0 
1 4
2 4
3 5
4 4
5 3
6 3
7 5
8 4
9 5
10 3
11 5
12 2
13 3
14 4
15 4
16 3
17 5
18 4
19 3
20 3
21 2
22 4
23 2
24 5
25 4
26 5
27 4
28 4
29 3
30 5
EOF 
