NAME : Leuven1_N37_a2
DIMENSION : 37
EDGE_WEIGHT_TYPE : EUC_2D  
NODE_COORD_SECTION  
0 700 1000
1 723 1262
2 772 1286
3 912 951
4 801 1128
5 1073 1018
6 625 1052
7 751 1109
8 809 1339
9 693 1118
10 884 1070
11 598 1152
12 522 1094
13 938 1004
14 1138 1205
15 925 1333
16 580 1576
17 746 1521
18 567 1214
19 757 1283
20 674 1267
21 539 1237
22 687 1378
23 594 1338
24 579 1516
25 1251 782
26 1086 955
27 786 1593
28 1120 1151
29 506 1082
30 566 1342
31 975 1295
32 1185 967
33 597 7
34 996 1867
35 807 357
36 1340 922
DEMAND_SECTION  
0 0
1 3
2 1
3 3
4 1
5 2
6 1
7 1
8 2
9 3
10 2
11 3
12 1
13 1
14 1
15 3
16 1
17 1
18 3
19 1
20 2
21 2
22 1
23 2
24 1
25 3
26 1
27 2
28 1
29 3
30 3
31 3
32 1
33 2
34 1
35 3
36 2
SERVING_TIME_BY_THE_TRUCK 
0 0
1 4
2 4
3 4
4 3
5 5
6 2
7 3
8 3
9 3
10 4
11 5
12 3
13 5
14 4
15 4
16 3
17 4
18 3
19 3
20 3
21 4
22 3
23 4
24 2
25 4
26 5
27 5
28 3
29 3
30 3
31 5
32 3
33 3
34 4
35 3
36 4
EOF 
