NAME : Leuven1_N25_a2
DIMENSION : 25
EDGE_WEIGHT_TYPE : EUC_2D  
NODE_COORD_SECTION  
0 700 1000
1 766 1291
2 693 1230
3 583 1276
4 761 1426
5 755 1132
6 695 1156
7 695 1237
8 1097 1207
9 688 1192
10 1071 962
11 729 1514
12 989 1389
13 1185 967
14 693 1118
15 730 1070
16 379 1309
17 898 1292
18 598 1207
19 394 1252
20 1256 1148
21 682 1420
22 105 1530
23 826 1723
24 527 1583
DEMAND_SECTION  
0 0
1 1
2 3
3 1
4 2
5 3
6 2
7 1
8 1
9 2
10 3
11 2
12 1
13 1
14 3
15 1
16 2
17 1
18 1
19 1
20 1
21 1
22 1
23 2
24 2
SERVING_TIME_BY_THE_TRUCK 
0 0
1 5
2 3
3 4
4 2
5 4
6 4
7 3
8 3
9 5
10 3
11 5
12 5
13 4
14 4
15 4
16 4
17 3
18 3
19 4
20 4
21 3
22 4
23 4
24 4
EOF 
