NAME : Leuven1_N34_c5
DIMENSION : 34
EDGE_WEIGHT_TYPE : EUC_2D  
NODE_COORD_SECTION  
0 700 1000
1 833 792
2 508 1087
3 941 968
4 889 1046
5 716 1317
6 765 451
7 464 1199
8 900 728
9 564 1441
10 706 661
11 707 1016
12 662 1009
13 758 1468
14 711 1173
15 610 1024
16 583 713
17 937 1156
18 760 1177
19 1071 1421
20 747 1059
21 1082 764
22 662 1125
23 588 1458
24 815 1036
25 385 1320
26 418 1303
27 513 1348
28 822 824
29 819 1112
30 595 248
31 1340 1122
32 825 1731
33 307 1903
DEMAND_SECTION  
0 0 
1 2
2 2
3 1
4 1
5 1
6 1
7 1
8 3
9 2
10 2
11 1
12 1
13 1
14 2
15 1
16 3
17 2
18 2
19 1
20 2
21 1
22 2
23 3
24 1
25 1
26 1
27 1
28 1
29 1
30 1
31 1
32 3
33 1
SERVING_TIME_BY_THE_TRUCK 
0 0 
1 2
2 4
3 4
4 5
5 3
6 3
7 2
8 5
9 2
10 4
11 5
12 2
13 4
14 5
15 4
16 2
17 5
18 5
19 4
20 5
21 4
22 3
23 5
24 4
25 3
26 4
27 4
28 5
29 4
30 3
31 3
32 4
33 2
EOF 
