NAME : Leuven1_N34_c1
DIMENSION : 34
EDGE_WEIGHT_TYPE : EUC_2D  
NODE_COORD_SECTION  
0 700 1000
1 953 932
2 587 855
3 599 1046
4 428 1005
5 997 1211
6 676 1527
7 613 1548
8 744 1108
9 876 1047
10 597 1545
11 659 1234
12 793 1189
13 734 1275
14 906 1105
15 689 1329
16 628 1579
17 258 1398
18 570 1555
19 810 1227
20 555 1228
21 571 1188
22 648 1159
23 1029 943
24 747 1384
25 699 1440
26 695 1108
27 652 1163
28 459 1356
29 482 1170
30 499 108
31 571 252
32 505 1581
33 1012 1864
DEMAND_SECTION  
0 0 
1 3
2 1
3 1
4 2
5 2
6 1
7 1
8 3
9 1
10 1
11 2
12 3
13 2
14 1
15 2
16 2
17 1
18 3
19 3
20 2
21 1
22 1
23 3
24 2
25 3
26 3
27 1
28 3
29 2
30 3
31 3
32 3
33 1
SERVING_TIME_BY_THE_TRUCK 
0 0 
1 3
2 5
3 4
4 5
5 4
6 3
7 2
8 4
9 4
10 5
11 3
12 4
13 5
14 5
15 3
16 4
17 2
18 3
19 3
20 5
21 4
22 3
23 5
24 4
25 4
26 5
27 3
28 3
29 4
30 4
31 4
32 3
33 3
EOF 
