NAME : Leuven1_N201_c2
DIMENSION : 201
EDGE_WEIGHT_TYPE : EUC_2D  
NODE_COORD_SECTION  
0 700 1000
1 681 1280
2 697 1008
3 851 1252
4 704 1005
5 685 1153
6 450 1155
7 652 1163
8 684 1011
9 847 1048
10 859 929
11 691 1069
12 742 1141
13 731 1140
14 599 883
15 770 1284
16 898 1141
17 839 1222
18 472 1047
19 686 1279
20 729 1103
21 729 1069
22 693 1185
23 671 1289
24 659 1214
25 884 1069
26 914 1296
27 1047 1353
28 689 1353
29 956 1307
30 1005 1090
31 589 1418
32 405 1442
33 1188 1108
34 513 1237
35 419 1183
36 286 1303
37 672 1343
38 399 1339
39 330 1448
40 1113 757
41 1031 1202
42 729 557
43 708 1453
44 861 1286
45 980 1324
46 486 1278
47 669 1404
48 910 1280
49 1084 1156
50 888 1351
51 1019 1292
52 1249 835
53 742 1428
54 727 1307
55 472 1379
56 349 1192
57 933 1170
58 741 1208
59 823 1276
60 788 744
61 663 1387
62 378 1447
63 456 1046
64 852 1026
65 770 1242
66 545 1198
67 471 1044
68 867 1290
69 496 1171
70 443 1395
71 911 1328
72 906 1105
73 1045 856
74 1043 930
75 673 1280
76 961 759
77 1012 752
78 814 1372
79 614 1343
80 661 1464
81 420 1121
82 721 1229
83 972 1218
84 431 1275
85 849 791
86 728 1251
87 765 1342
88 693 1145
89 224 1292
90 688 1376
91 1185 1186
92 660 1289
93 482 1013
94 709 1177
95 990 780
96 473 1132
97 900 1197
98 1061 723
99 688 1010
100 1229 861
101 611 1282
102 634 1103
103 768 1374
104 726 1135
105 765 1449
106 870 616
107 600 1129
108 1034 1018
109 921 949
110 747 1059
111 970 1017
112 583 1372
113 431 1176
114 1168 983
115 690 1046
116 987 737
117 381 1242
118 935 1368
119 690 1477
120 725 1193
121 765 451
122 308 1381
123 491 985
124 681 1136
125 924 1209
126 616 1202
127 632 1059
128 496 1233
129 506 1082
130 747 1384
131 823 1183
132 338 1371
133 986 1220
134 739 1030
135 652 940
136 805 1082
137 738 1435
138 562 1122
139 672 1092
140 919 1218
141 902 1270
142 775 1315
143 863 1119
144 527 1186
145 345 1283
146 590 1232
147 626 1339
148 651 1453
149 788 1271
150 468 1351
151 855 733
152 891 1188
153 468 1285
154 804 1065
155 728 1183
156 320 1300
157 566 1249
158 656 641
159 583 785
160 263 1391
161 617 613
162 742 1178
163 713 1406
164 510 1265
165 627 990
166 648 1499
167 793 1308
168 687 1213
169 1085 760
170 505 1247
171 268 1400
172 1153 956
173 599 1221
174 679 1175
175 471 1332
176 548 220
177 833 327
178 868 1765
179 357 1607
180 867 236
181 606 215
182 790 1888
183 949 1755
184 979 1703
185 853 1739
186 373 1591
187 772 1742
188 536 276
189 779 1826
190 948 1755
191 902 265
192 606 326
193 995 1720
194 1281 1201
195 543 1678
196 1269 1222
197 1012 1653
198 229 1392
199 535 244
200 180 1570
DEMAND_SECTION  
0 0 
1 3
2 1
3 2
4 1
5 1
6 3
7 1
8 3
9 2
10 2
11 1
12 2
13 2
14 3
15 2
16 3
17 1
18 2
19 2
20 2
21 1
22 1
23 1
24 3
25 2
26 2
27 3
28 3
29 2
30 1
31 3
32 1
33 1
34 2
35 3
36 1
37 1
38 2
39 1
40 2
41 1
42 1
43 1
44 1
45 3
46 1
47 2
48 2
49 2
50 3
51 2
52 2
53 1
54 3
55 2
56 3
57 2
58 1
59 1
60 2
61 2
62 1
63 1
64 3
65 1
66 1
67 3
68 3
69 3
70 1
71 1
72 1
73 2
74 2
75 1
76 1
77 1
78 1
79 2
80 1
81 3
82 3
83 1
84 1
85 2
86 1
87 1
88 1
89 2
90 2
91 3
92 1
93 2
94 1
95 2
96 2
97 2
98 1
99 1
100 1
101 2
102 1
103 2
104 1
105 2
106 1
107 3
108 1
109 2
110 2
111 1
112 3
113 2
114 1
115 3
116 2
117 1
118 1
119 3
120 2
121 1
122 1
123 3
124 1
125 1
126 2
127 2
128 1
129 3
130 2
131 3
132 1
133 1
134 1
135 1
136 1
137 3
138 1
139 1
140 1
141 1
142 1
143 1
144 1
145 2
146 2
147 1
148 2
149 3
150 2
151 1
152 3
153 1
154 1
155 3
156 1
157 1
158 2
159 2
160 3
161 1
162 1
163 1
164 1
165 3
166 3
167 2
168 3
169 1
170 1
171 3
172 1
173 1
174 1
175 2
176 1
177 1
178 1
179 1
180 1
181 2
182 1
183 1
184 2
185 2
186 2
187 2
188 2
189 1
190 1
191 3
192 2
193 1
194 2
195 1
196 1
197 3
198 1
199 1
200 2
SERVING_TIME_BY_THE_TRUCK 
0 0 
1 2
2 4
3 3
4 4
5 5
6 3
7 3
8 3
9 5
10 3
11 4
12 3
13 3
14 2
15 2
16 4
17 3
18 4
19 2
20 4
21 3
22 4
23 2
24 4
25 3
26 5
27 2
28 3
29 4
30 5
31 3
32 3
33 3
34 5
35 3
36 3
37 3
38 4
39 4
40 2
41 2
42 3
43 5
44 3
45 3
46 4
47 2
48 5
49 4
50 5
51 5
52 4
53 2
54 4
55 5
56 3
57 4
58 2
59 3
60 5
61 3
62 2
63 3
64 4
65 5
66 4
67 4
68 4
69 4
70 3
71 3
72 3
73 3
74 4
75 3
76 4
77 2
78 3
79 3
80 4
81 2
82 4
83 3
84 4
85 3
86 2
87 3
88 5
89 3
90 5
91 3
92 2
93 3
94 3
95 4
96 3
97 4
98 4
99 5
100 2
101 3
102 4
103 4
104 5
105 3
106 4
107 3
108 4
109 3
110 4
111 3
112 2
113 3
114 5
115 4
116 3
117 3
118 3
119 4
120 4
121 4
122 5
123 4
124 3
125 5
126 3
127 3
128 5
129 5
130 3
131 2
132 2
133 5
134 2
135 2
136 5
137 2
138 4
139 5
140 4
141 2
142 5
143 3
144 4
145 4
146 3
147 5
148 3
149 3
150 2
151 2
152 2
153 5
154 4
155 3
156 4
157 2
158 5
159 4
160 2
161 3
162 2
163 5
164 2
165 4
166 4
167 4
168 3
169 5
170 2
171 2
172 4
173 3
174 5
175 2
176 4
177 4
178 5
179 4
180 2
181 3
182 4
183 4
184 4
185 3
186 4
187 3
188 3
189 3
190 4
191 3
192 5
193 4
194 3
195 3
196 3
197 3
198 5
199 2
200 4
EOF 
