NAME : Leuven1_N28_a5
DIMENSION : 28
EDGE_WEIGHT_TYPE : EUC_2D  
NODE_COORD_SECTION  
0 700 1000
1 566 1249
2 500 1161
3 613 1002
4 629 1336
5 730 1318
6 1108 1008
7 865 1268
8 801 1128
9 676 1216
10 420 1121
11 901 787
12 749 1299
13 582 1167
14 567 1566
15 692 1161
16 743 1375
17 734 1544
18 665 1191
19 767 1579
20 844 1496
21 880 1074
22 799 1212
23 1015 1218
24 928 1184
25 883 1718
26 18 1764
27 1115 1832
DEMAND_SECTION  
0 0
1 1
2 2
3 3
4 1
5 1
6 2
7 2
8 1
9 1
10 3
11 1
12 2
13 1
14 2
15 2
16 1
17 1
18 1
19 3
20 1
21 2
22 1
23 2
24 1
25 2
26 1
27 1
SERVING_TIME_BY_THE_TRUCK 
0 0
1 2
2 3
3 4
4 2
5 4
6 4
7 2
8 3
9 4
10 4
11 3
12 2
13 3
14 4
15 2
16 2
17 3
18 4
19 3
20 2
21 5
22 5
23 3
24 4
25 3
26 3
27 2
EOF 
