NAME : Leuven1_N101_a4
DIMENSION : 101
EDGE_WEIGHT_TYPE : EUC_2D  
NODE_COORD_SECTION  
0 700 1000
1 654 1291
2 674 932
3 794 1164
4 541 1056
5 574 964
6 678 1004
7 951 1042
8 711 1133
9 728 1138
10 683 1147
11 541 969
12 822 824
13 679 1317
14 510 1376
15 644 1370
16 613 682
17 490 1186
18 1031 1211
19 1071 962
20 526 1222
21 905 1196
22 812 1535
23 625 1052
24 812 1362
25 702 1345
26 697 1089
27 1115 1424
28 732 1153
29 659 1007
30 616 1164
31 698 1092
32 459 1041
33 683 1078
34 1057 1072
35 979 785
36 627 990
37 684 1011
38 1005 1447
39 1240 1031
40 1256 1148
41 1047 1353
42 753 1552
43 701 1595
44 858 1475
45 523 1240
46 853 691
47 608 1380
48 882 1101
49 645 667
50 887 1002
51 993 1267
52 631 1327
53 914 1041
54 660 1289
55 625 1041
56 609 1437
57 863 1054
58 751 527
59 324 1242
60 1002 908
61 692 1269
62 581 1127
63 458 1282
64 976 1385
65 601 1421
66 777 1318
67 767 1579
68 367 1201
69 503 1473
70 455 1295
71 735 1524
72 423 1172
73 459 1435
74 627 1351
75 616 1380
76 370 1323
77 526 1226
78 831 1235
79 898 1068
80 900 1225
81 690 1273
82 1081 1104
83 1001 1431
84 1073 978
85 605 1558
86 454 1273
87 297 1139
88 570 1555
89 193 1439
90 873 243
91 954 1617
92 506 1640
93 868 1765
94 798 1783
95 941 177
96 958 83
97 180 1570
98 916 1778
99 229 1468
100 567 367
DEMAND_SECTION  
0 0
1 1
2 2
3 1
4 1
5 3
6 1
7 1
8 1
9 1
10 1
11 1
12 1
13 2
14 2
15 1
16 1
17 1
18 1
19 3
20 1
21 2
22 2
23 1
24 1
25 1
26 1
27 2
28 1
29 1
30 3
31 1
32 1
33 1
34 1
35 1
36 3
37 3
38 1
39 2
40 1
41 3
42 1
43 1
44 2
45 1
46 3
47 1
48 1
49 2
50 2
51 1
52 1
53 1
54 1
55 2
56 1
57 1
58 1
59 3
60 2
61 3
62 1
63 3
64 2
65 2
66 1
67 3
68 1
69 3
70 2
71 2
72 1
73 2
74 2
75 1
76 1
77 2
78 1
79 2
80 3
81 1
82 1
83 2
84 1
85 1
86 1
87 3
88 3
89 1
90 2
91 1
92 1
93 1
94 1
95 1
96 1
97 2
98 2
99 3
100 2
SERVING_TIME_BY_THE_TRUCK 
0 0
1 3
2 4
3 3
4 5
5 3
6 3
7 3
8 5
9 3
10 4
11 5
12 3
13 5
14 5
15 5
16 4
17 2
18 4
19 2
20 4
21 3
22 5
23 5
24 4
25 3
26 4
27 4
28 4
29 4
30 3
31 4
32 4
33 2
34 3
35 4
36 3
37 5
38 3
39 4
40 5
41 4
42 4
43 2
44 3
45 4
46 3
47 4
48 2
49 2
50 4
51 3
52 2
53 4
54 3
55 3
56 3
57 5
58 5
59 4
60 3
61 5
62 3
63 4
64 3
65 5
66 5
67 5
68 4
69 2
70 4
71 3
72 3
73 2
74 4
75 2
76 5
77 4
78 2
79 5
80 5
81 4
82 2
83 5
84 3
85 4
86 4
87 4
88 3
89 3
90 5
91 4
92 4
93 3
94 3
95 3
96 2
97 4
98 2
99 3
100 4
EOF 
