NAME : Leuven1_N22_b3
DIMENSION : 22
EDGE_WEIGHT_TYPE : EUC_2D  
NODE_COORD_SECTION  
0 700 1000
1 538 1178
2 798 1248
3 862 1208
4 638 1329
5 974 923
6 532 1220
7 1020 1355
8 645 1229
9 624 958
10 491 985
11 367 1201
12 527 1003
13 242 1372
14 503 1325
15 545 1430
16 875 650
17 1070 1234
18 744 1521
19 410 1383
20 403 1599
21 784 333
DEMAND_SECTION  
0 0
1 1
2 2
3 1
4 2
5 2
6 2
7 1
8 1
9 1
10 3
11 1
12 3
13 1
14 1
15 1
16 1
17 1
18 2
19 1
20 2
21 1
SERVING_TIME_BY_THE_TRUCK 
0 0
1 3
2 2
3 3
4 5
5 2
6 3
7 3
8 4
9 2
10 2
11 5
12 3
13 5
14 4
15 3
16 3
17 5
18 3
19 4
20 3
21 2
EOF 
