NAME : Leuven1_N19_a5
DIMENSION : 19
EDGE_WEIGHT_TYPE : EUC_2D  
NODE_COORD_SECTION  
0 700 1000
1 969 1084
2 768 1175
3 932 962
4 1002 908
5 593 761
6 650 1008
7 665 1191
8 863 744
9 541 1056
10 567 1346
11 768 1124
12 1012 795
13 670 1117
14 457 1534
15 387 1334
16 567 1566
17 238 1498
18 784 1815
DEMAND_SECTION  
0 0
1 2
2 1
3 1
4 2
5 3
6 2
7 1
8 2
9 1
10 2
11 1
12 2
13 1
14 2
15 3
16 2
17 1
18 3
SERVING_TIME_BY_THE_TRUCK 
0 0
1 4
2 3
3 3
4 4
5 3
6 3
7 4
8 3
9 4
10 3
11 2
12 2
13 2
14 2
15 3
16 3
17 3
18 3
EOF 
