NAME : Leuven1_N28_b4
DIMENSION : 28
EDGE_WEIGHT_TYPE : EUC_2D  
NODE_COORD_SECTION  
0 700 1000
1 822 740
2 863 1029
3 556 1232
4 588 1338
5 497 1288
6 765 1270
7 513 1297
8 587 855
9 660 1289
10 869 1328
11 863 1169
12 737 1279
13 910 1282
14 1159 696
15 659 1158
16 919 1115
17 662 1109
18 505 818
19 503 1133
20 803 1307
21 697 1449
22 1022 1293
23 526 1138
24 466 1164
25 926 45
26 877 1719
27 229 1392
DEMAND_SECTION  
0 0
1 2
2 1
3 3
4 2
5 2
6 1
7 2
8 1
9 1
10 3
11 1
12 2
13 1
14 1
15 1
16 1
17 2
18 1
19 1
20 1
21 1
22 1
23 1
24 3
25 1
26 2
27 1
SERVING_TIME_BY_THE_TRUCK 
0 0
1 3
2 5
3 4
4 4
5 3
6 4
7 4
8 3
9 4
10 3
11 4
12 4
13 2
14 4
15 5
16 3
17 5
18 5
19 4
20 4
21 5
22 4
23 4
24 2
25 3
26 2
27 5
EOF 
