NAME : Leuven1_N31_c1
DIMENSION : 31
EDGE_WEIGHT_TYPE : EUC_2D  
NODE_COORD_SECTION  
0 700 1000
1 552 985
2 815 1036
3 781 1242
4 424 1285
5 590 1572
6 1183 1191
7 599 1046
8 583 1373
9 288 1131
10 599 883
11 846 1077
12 534 1124
13 701 1548
14 727 1271
15 972 1218
16 658 1192
17 900 711
18 1003 1451
19 484 1286
20 765 1342
21 541 1269
22 581 1165
23 1095 1023
24 510 1390
25 1201 1255
26 475 1019
27 886 1277
28 941 177
29 941 1694
30 604 1631
DEMAND_SECTION  
0 0 
1 1
2 1
3 1
4 1
5 1
6 2
7 1
8 1
9 2
10 3
11 1
12 3
13 1
14 1
15 1
16 1
17 3
18 1
19 3
20 1
21 1
22 1
23 2
24 1
25 1
26 3
27 1
28 1
29 2
30 3
SERVING_TIME_BY_THE_TRUCK 
0 0 
1 4
2 3
3 2
4 4
5 4
6 3
7 3
8 4
9 3
10 4
11 4
12 2
13 5
14 4
15 2
16 3
17 4
18 3
19 3
20 2
21 5
22 2
23 2
24 5
25 4
26 4
27 4
28 3
29 4
30 2
EOF 
