NAME : Leuven1_N101_c5
DIMENSION : 101
EDGE_WEIGHT_TYPE : EUC_2D  
NODE_COORD_SECTION  
0 700 1000
1 503 1133
2 817 1120
3 657 859
4 705 1260
5 871 1226
6 573 1186
7 655 1134
8 639 946
9 694 1147
10 671 1094
11 593 1215
12 660 1266
13 653 1338
14 1017 1195
15 1076 765
16 562 1373
17 707 1317
18 731 1418
19 545 1430
20 579 1392
21 605 1558
22 453 1329
23 468 1241
24 666 1527
25 1082 764
26 662 1488
27 598 853
28 581 1159
29 738 1136
30 986 1220
31 879 1158
32 496 1233
33 650 1577
34 1258 1038
35 542 1345
36 1249 835
37 381 1242
38 992 1047
39 715 1180
40 551 1345
41 980 1324
42 868 1351
43 982 1159
44 648 1357
45 568 1134
46 729 1069
47 578 1184
48 921 949
49 735 1126
50 895 1323
51 676 1447
52 692 1134
53 400 1455
54 698 1248
55 594 1042
56 720 1299
57 641 1188
58 861 1286
59 252 1300
60 1072 1179
61 685 831
62 924 1209
63 1052 1184
64 682 1293
65 420 1121
66 1014 841
67 687 1140
68 868 1103
69 522 1094
70 541 1055
71 714 1327
72 687 1213
73 613 1441
74 751 1268
75 898 657
76 772 1052
77 545 1198
78 874 713
79 669 1194
80 625 1165
81 621 1555
82 667 1160
83 650 1008
84 669 1096
85 793 1253
86 539 1152
87 944 1196
88 711 1169
89 223 1461
90 1039 1803
91 921 36
92 909 300
93 506 1640
94 357 1607
95 891 374
96 329 1617
97 1183 1471
98 917 150
99 1236 1296
100 730 280
DEMAND_SECTION  
0 0 
1 1
2 1
3 2
4 1
5 3
6 1
7 1
8 1
9 1
10 2
11 3
12 1
13 1
14 1
15 1
16 2
17 1
18 1
19 1
20 1
21 1
22 1
23 2
24 1
25 1
26 3
27 3
28 3
29 3
30 1
31 2
32 1
33 1
34 1
35 1
36 2
37 1
38 1
39 2
40 1
41 3
42 1
43 1
44 1
45 3
46 1
47 3
48 2
49 1
50 2
51 1
52 2
53 2
54 3
55 1
56 1
57 3
58 1
59 3
60 1
61 3
62 1
63 1
64 1
65 3
66 1
67 1
68 1
69 1
70 1
71 1
72 3
73 1
74 2
75 1
76 1
77 1
78 1
79 2
80 3
81 1
82 1
83 2
84 1
85 2
86 1
87 2
88 2
89 1
90 3
91 2
92 2
93 1
94 1
95 3
96 1
97 1
98 3
99 2
100 1
SERVING_TIME_BY_THE_TRUCK 
0 0 
1 4
2 4
3 3
4 3
5 4
6 4
7 5
8 2
9 4
10 4
11 3
12 3
13 2
14 3
15 5
16 4
17 5
18 3
19 4
20 4
21 4
22 3
23 4
24 4
25 2
26 2
27 3
28 3
29 4
30 5
31 4
32 2
33 5
34 2
35 3
36 4
37 2
38 4
39 4
40 4
41 2
42 4
43 4
44 4
45 2
46 4
47 3
48 4
49 4
50 4
51 4
52 4
53 4
54 5
55 3
56 4
57 2
58 3
59 3
60 3
61 4
62 3
63 2
64 4
65 4
66 3
67 2
68 4
69 4
70 5
71 3
72 4
73 4
74 3
75 2
76 4
77 4
78 5
79 2
80 5
81 4
82 3
83 2
84 2
85 4
86 5
87 2
88 4
89 5
90 4
91 3
92 4
93 4
94 3
95 3
96 4
97 3
98 2
99 3
100 3
EOF 
