NAME : Leuven1_N22_b5
DIMENSION : 22
EDGE_WEIGHT_TYPE : EUC_2D  
NODE_COORD_SECTION  
0 700 1000
1 801 1109
2 768 1124
3 819 1112
4 1145 1086
5 586 1345
6 1148 697
7 459 1435
8 590 1232
9 626 1124
10 461 1305
11 620 1497
12 910 1280
13 699 1553
14 758 1163
15 755 1132
16 622 1188
17 684 935
18 338 1144
19 1019 1292
20 683 1622
21 23 1576
DEMAND_SECTION  
0 0
1 1
2 1
3 1
4 1
5 2
6 1
7 2
8 2
9 1
10 1
11 1
12 2
13 1
14 2
15 3
16 3
17 1
18 3
19 2
20 1
21 1
SERVING_TIME_BY_THE_TRUCK 
0 0
1 3
2 2
3 4
4 4
5 3
6 4
7 3
8 2
9 4
10 5
11 3
12 5
13 4
14 4
15 2
16 4
17 5
18 2
19 4
20 3
21 4
EOF 
