NAME : Leuven1_N19_b2
DIMENSION : 19
EDGE_WEIGHT_TYPE : EUC_2D  
NODE_COORD_SECTION  
0 700 1000
1 733 1259
2 850 1027
3 735 1101
4 651 1383
5 695 1372
6 751 1346
7 1071 690
8 956 1307
9 1178 759
10 703 1517
11 732 1153
12 933 1047
13 706 1157
14 513 1201
15 431 1263
16 616 1385
17 658 197
18 604 1631
DEMAND_SECTION  
0 0
1 1
2 2
3 1
4 2
5 3
6 3
7 2
8 2
9 1
10 1
11 1
12 1
13 3
14 1
15 1
16 3
17 1
18 3
SERVING_TIME_BY_THE_TRUCK 
0 0
1 3
2 4
3 3
4 3
5 2
6 2
7 3
8 2
9 4
10 4
11 2
12 4
13 3
14 3
15 3
16 3
17 4
18 3
EOF 
