NAME : Leuven1_N101_c3
DIMENSION : 101
EDGE_WEIGHT_TYPE : EUC_2D  
NODE_COORD_SECTION  
0 700 1000
1 489 1178
2 796 1145
3 898 1062
4 638 1245
5 652 1131
6 671 1289
7 768 1124
8 793 1189
9 697 1008
10 637 1171
11 794 1164
12 747 901
13 920 1331
14 647 1312
15 740 1339
16 1071 1421
17 861 1384
18 479 1456
19 1033 916
20 979 1363
21 625 1522
22 584 1559
23 484 1241
24 284 1368
25 1245 893
26 893 1384
27 696 1578
28 1176 871
29 403 1344
30 398 1228
31 436 1248
32 908 1365
33 605 1558
34 990 780
35 693 1180
36 403 1178
37 298 1129
38 850 1027
39 768 1210
40 562 1373
41 571 1188
42 811 1152
43 586 1345
44 600 1011
45 744 1334
46 1153 870
47 796 1154
48 919 1250
49 252 1300
50 425 1212
51 858 738
52 731 1418
53 632 1391
54 883 1055
55 650 1008
56 338 1278
57 1097 1177
58 620 1092
59 865 1287
60 581 1066
61 915 1363
62 858 1048
63 586 1081
64 830 1568
65 740 1306
66 554 1371
67 545 1116
68 840 727
69 903 1074
70 867 1146
71 599 1254
72 892 1357
73 1007 623
74 758 592
75 562 1548
76 744 1461
77 569 1285
78 972 774
79 812 1566
80 592 1233
81 738 1058
82 708 1169
83 660 1065
84 603 1094
85 512 1007
86 587 838
87 585 1284
88 659 1007
89 865 1845
90 956 19
91 742 1694
92 210 1426
93 597 1640
94 257 1435
95 577 383
96 569 49
97 1045 128
98 551 255
99 520 1643
100 774 368
DEMAND_SECTION  
0 0 
1 1
2 1
3 1
4 1
5 1
6 1
7 1
8 3
9 1
10 1
11 1
12 1
13 3
14 1
15 3
16 1
17 2
18 2
19 3
20 1
21 2
22 1
23 1
24 1
25 1
26 1
27 1
28 3
29 2
30 2
31 2
32 2
33 1
34 2
35 2
36 2
37 1
38 2
39 2
40 2
41 1
42 2
43 2
44 3
45 2
46 1
47 1
48 2
49 3
50 2
51 3
52 1
53 2
54 3
55 2
56 1
57 1
58 2
59 1
60 2
61 1
62 2
63 1
64 1
65 3
66 1
67 3
68 1
69 1
70 1
71 2
72 2
73 3
74 3
75 1
76 1
77 1
78 2
79 1
80 2
81 2
82 2
83 3
84 1
85 1
86 1
87 2
88 1
89 1
90 2
91 2
92 3
93 3
94 1
95 3
96 2
97 1
98 1
99 1
100 2
SERVING_TIME_BY_THE_TRUCK 
0 0 
1 4
2 4
3 4
4 4
5 2
6 5
7 5
8 2
9 2
10 5
11 4
12 3
13 5
14 3
15 3
16 5
17 2
18 4
19 4
20 5
21 3
22 2
23 5
24 2
25 4
26 4
27 4
28 2
29 4
30 2
31 2
32 3
33 5
34 4
35 4
36 2
37 5
38 4
39 4
40 5
41 2
42 3
43 3
44 3
45 3
46 3
47 4
48 3
49 3
50 4
51 3
52 2
53 5
54 4
55 5
56 3
57 4
58 4
59 3
60 4
61 4
62 4
63 4
64 5
65 5
66 3
67 3
68 4
69 3
70 5
71 4
72 3
73 5
74 4
75 4
76 3
77 3
78 3
79 4
80 3
81 4
82 5
83 5
84 2
85 5
86 2
87 5
88 3
89 3
90 4
91 4
92 5
93 2
94 4
95 4
96 3
97 4
98 3
99 3
100 3
EOF 
