NAME : Leuven1_N101_a3
DIMENSION : 101
EDGE_WEIGHT_TYPE : EUC_2D  
NODE_COORD_SECTION  
0 700 1000
1 489 1178
2 796 1145
3 898 1062
4 638 1245
5 652 1131
6 671 1289
7 768 1124
8 793 1189
9 697 1008
10 637 1171
11 794 1164
12 747 901
13 740 1339
14 861 1384
15 1033 916
16 990 780
17 693 1180
18 403 1178
19 298 1129
20 571 1188
21 600 1011
22 796 1154
23 919 1250
24 252 1300
25 883 1055
26 650 1008
27 1097 1177
28 858 1048
29 586 1081
30 599 1254
31 1007 623
32 592 1233
33 738 1058
34 660 1065
35 512 1007
36 587 838
37 659 1007
38 920 1331
39 647 1312
40 479 1456
41 625 1522
42 484 1241
43 893 1384
44 908 1365
45 850 1027
46 768 1210
47 811 1152
48 586 1345
49 858 738
50 620 1092
51 865 1287
52 581 1066
53 915 1363
54 740 1306
55 545 1116
56 840 727
57 903 1074
58 562 1548
59 744 1461
60 569 1285
61 972 774
62 708 1169
63 603 1094
64 1071 1421
65 979 1363
66 584 1559
67 284 1368
68 1245 893
69 696 1578
70 1176 871
71 403 1344
72 398 1228
73 436 1248
74 605 1558
75 562 1373
76 744 1334
77 1153 870
78 425 1212
79 731 1418
80 632 1391
81 338 1278
82 830 1568
83 554 1371
84 867 1146
85 892 1357
86 758 592
87 812 1566
88 585 1284
89 865 1845
90 956 19
91 742 1694
92 210 1426
93 597 1640
94 257 1435
95 577 383
96 569 49
97 1045 128
98 551 255
99 520 1643
100 774 368
DEMAND_SECTION  
0 0
1 1
2 1
3 1
4 1
5 1
6 1
7 1
8 3
9 1
10 1
11 1
12 1
13 3
14 2
15 3
16 2
17 2
18 2
19 1
20 1
21 3
22 1
23 2
24 3
25 3
26 2
27 1
28 2
29 1
30 2
31 3
32 2
33 2
34 3
35 1
36 1
37 1
38 3
39 1
40 2
41 2
42 1
43 1
44 2
45 2
46 2
47 2
48 2
49 3
50 2
51 1
52 2
53 1
54 3
55 3
56 1
57 1
58 1
59 1
60 1
61 2
62 2
63 1
64 1
65 1
66 1
67 1
68 1
69 1
70 3
71 2
72 2
73 2
74 1
75 2
76 2
77 1
78 2
79 1
80 2
81 1
82 1
83 1
84 1
85 2
86 3
87 1
88 2
89 1
90 2
91 2
92 3
93 3
94 1
95 3
96 2
97 1
98 1
99 1
100 2
SERVING_TIME_BY_THE_TRUCK 
0 0
1 4
2 4
3 4
4 4
5 2
6 5
7 5
8 2
9 2
10 5
11 4
12 3
13 3
14 2
15 4
16 4
17 4
18 2
19 5
20 2
21 3
22 4
23 3
24 3
25 4
26 5
27 4
28 4
29 4
30 4
31 5
32 3
33 4
34 5
35 5
36 2
37 3
38 5
39 3
40 4
41 3
42 5
43 4
44 3
45 4
46 4
47 3
48 3
49 3
50 4
51 3
52 4
53 4
54 5
55 3
56 4
57 3
58 4
59 3
60 3
61 3
62 5
63 2
64 5
65 5
66 2
67 2
68 4
69 4
70 2
71 4
72 2
73 2
74 5
75 5
76 3
77 3
78 4
79 2
80 5
81 3
82 5
83 3
84 5
85 3
86 4
87 4
88 5
89 3
90 4
91 4
92 5
93 2
94 4
95 4
96 3
97 4
98 3
99 3
100 3
EOF 
