NAME : Leuven1_N37_b5
DIMENSION : 37
EDGE_WEIGHT_TYPE : EUC_2D  
NODE_COORD_SECTION  
0 700 1000
1 679 1217
2 920 1105
3 675 1139
4 634 1172
5 977 1204
6 744 1127
7 918 949
8 861 1286
9 930 961
10 763 1319
11 520 1313
12 821 1542
13 987 1468
14 961 759
15 599 1509
16 626 1339
17 620 1497
18 891 1188
19 801 1097
20 737 1325
21 1121 1151
22 567 1497
23 1126 940
24 662 1009
25 378 1447
26 1148 773
27 501 974
28 829 1295
29 841 1315
30 431 1275
31 1043 736
32 787 1333
33 947 21
34 111 1508
35 790 349
36 865 1844
DEMAND_SECTION  
0 0
1 1
2 1
3 1
4 1
5 1
6 2
7 3
8 1
9 2
10 3
11 1
12 1
13 3
14 1
15 2
16 1
17 1
18 3
19 3
20 1
21 1
22 1
23 1
24 1
25 1
26 2
27 3
28 2
29 1
30 1
31 3
32 3
33 3
34 2
35 1
36 3
SERVING_TIME_BY_THE_TRUCK 
0 0
1 3
2 3
3 2
4 3
5 2
6 3
7 5
8 3
9 3
10 3
11 5
12 2
13 4
14 3
15 4
16 3
17 4
18 4
19 3
20 4
21 3
22 4
23 4
24 3
25 2
26 4
27 5
28 3
29 2
30 3
31 4
32 5
33 5
34 4
35 5
36 3
EOF 
