NAME : Leuven1_N101_a1
DIMENSION : 101
EDGE_WEIGHT_TYPE : EUC_2D  
NODE_COORD_SECTION  
0 700 1000
1 507 1198
2 817 1120
3 872 1073
4 788 1044
5 819 1092
6 928 1184
7 724 1171
8 846 1077
9 669 1194
10 849 777
11 758 1273
12 650 1055
13 536 1283
14 884 1069
15 683 1078
16 674 1267
17 686 1303
18 686 1279
19 455 1053
20 338 1278
21 634 1292
22 898 1292
23 924 1065
24 858 1333
25 850 1027
26 644 901
27 914 1060
28 594 1181
29 656 1101
30 705 1117
31 896 712
32 539 1178
33 453 1329
34 868 1277
35 929 1139
36 670 1160
37 438 1120
38 1166 1085
39 367 1201
40 618 1532
41 595 1070
42 574 1279
43 503 1325
44 394 1444
45 842 1374
46 628 1112
47 431 1176
48 523 1240
49 664 1516
50 1126 940
51 977 1351
52 1163 979
53 413 1211
54 613 1247
55 972 1076
56 461 1305
57 688 1192
58 450 1155
59 611 1358
60 660 1266
61 647 1312
62 840 727
63 914 1152
64 858 727
65 737 1325
66 572 1438
67 653 1338
68 997 1211
69 928 851
70 617 1282
71 726 1177
72 1251 782
73 746 1521
74 1026 1315
75 516 1104
76 1192 1089
77 633 1383
78 864 1382
79 572 1570
80 549 1154
81 621 1496
82 243 1311
83 645 1378
84 562 1022
85 842 1316
86 699 1472
87 1168 731
88 1154 1106
89 898 1714
90 602 1671
91 806 363
92 867 236
93 175 1352
94 814 1773
95 453 1589
96 720 269
97 1100 1822
98 116 1516
99 1021 1828
100 475 44
DEMAND_SECTION  
0 0
1 1
2 1
3 2
4 1
5 1
6 1
7 2
8 1
9 2
10 1
11 3
12 1
13 1
14 2
15 1
16 2
17 2
18 2
19 2
20 1
21 1
22 1
23 1
24 1
25 2
26 3
27 3
28 1
29 1
30 2
31 1
32 3
33 1
34 2
35 1
36 1
37 2
38 1
39 1
40 1
41 1
42 1
43 1
44 2
45 2
46 1
47 2
48 1
49 1
50 1
51 1
52 1
53 2
54 1
55 3
56 1
57 2
58 3
59 1
60 1
61 1
62 1
63 1
64 2
65 1
66 1
67 1
68 2
69 2
70 1
71 1
72 3
73 1
74 1
75 1
76 1
77 2
78 1
79 3
80 3
81 2
82 1
83 1
84 1
85 1
86 1
87 3
88 2
89 3
90 1
91 1
92 1
93 1
94 1
95 1
96 1
97 3
98 3
99 3
100 1
SERVING_TIME_BY_THE_TRUCK 
0 0
1 3
2 5
3 4
4 3
5 4
6 5
7 4
8 4
9 4
10 4
11 3
12 4
13 5
14 2
15 4
16 2
17 2
18 3
19 4
20 3
21 3
22 4
23 4
24 3
25 5
26 2
27 3
28 4
29 3
30 3
31 4
32 4
33 3
34 4
35 4
36 3
37 2
38 3
39 5
40 3
41 4
42 2
43 4
44 5
45 3
46 2
47 2
48 4
49 4
50 5
51 4
52 5
53 4
54 3
55 5
56 4
57 4
58 3
59 3
60 2
61 3
62 2
63 2
64 5
65 3
66 3
67 3
68 2
69 3
70 2
71 4
72 4
73 4
74 4
75 3
76 5
77 4
78 3
79 3
80 3
81 3
82 4
83 5
84 4
85 4
86 4
87 4
88 2
89 4
90 2
91 5
92 3
93 3
94 4
95 2
96 4
97 4
98 5
99 4
100 2
EOF 
