NAME : Leuven1_N28_c5
DIMENSION : 28
EDGE_WEIGHT_TYPE : EUC_2D  
NODE_COORD_SECTION  
0 700 1000
1 566 1249
2 500 1161
3 613 1002
4 629 1336
5 901 787
6 665 1191
7 767 1579
8 730 1318
9 844 1496
10 749 1299
11 880 1074
12 582 1167
13 1108 1008
14 799 1212
15 1015 1218
16 567 1566
17 865 1268
18 692 1161
19 801 1128
20 743 1375
21 676 1216
22 420 1121
23 734 1544
24 928 1184
25 883 1718
26 18 1764
27 1115 1832
DEMAND_SECTION  
0 0 
1 1
2 2
3 3
4 1
5 1
6 1
7 3
8 1
9 1
10 2
11 2
12 1
13 2
14 1
15 2
16 2
17 2
18 2
19 1
20 1
21 1
22 3
23 1
24 1
25 2
26 1
27 1
SERVING_TIME_BY_THE_TRUCK 
0 0 
1 2
2 3
3 4
4 2
5 3
6 4
7 3
8 4
9 2
10 2
11 5
12 3
13 4
14 5
15 3
16 4
17 2
18 2
19 3
20 2
21 4
22 4
23 3
24 4
25 3
26 3
27 2
EOF 
