NAME : Leuven1_N201_a3
DIMENSION : 201
EDGE_WEIGHT_TYPE : EUC_2D  
NODE_COORD_SECTION  
0 700 1000
1 624 958
2 672 1092
3 848 758
4 500 1161
5 728 1104
6 894 773
7 768 1124
8 546 1067
9 763 1142
10 621 1086
11 464 1159
12 821 1208
13 866 1157
14 844 1069
15 622 1243
16 679 1154
17 898 1045
18 631 1140
19 633 1213
20 989 1011
21 865 767
22 708 1159
23 857 1072
24 600 1257
25 630 1004
26 594 1338
27 821 1384
28 939 1266
29 338 1278
30 1201 1255
31 482 1486
32 891 680
33 895 1134
34 697 1306
35 443 1259
36 675 1100
37 681 1047
38 977 973
39 747 1277
40 669 903
41 751 1109
42 1072 1179
43 601 1292
44 636 909
45 698 1092
46 857 1319
47 997 1211
48 665 1398
49 781 1242
50 932 962
51 702 1147
52 847 1048
53 631 1135
54 500 1285
55 993 1065
56 858 1333
57 532 1097
58 768 1177
59 534 1110
60 536 1377
61 918 1173
62 674 932
63 884 1069
64 457 1138
65 561 1029
66 837 791
67 550 1124
68 654 1239
69 765 1270
70 622 1272
71 861 911
72 674 1105
73 663 1535
74 503 1133
75 1057 1072
76 870 679
77 277 1280
78 606 418
79 837 1289
80 617 1486
81 431 1349
82 995 1488
83 515 1382
84 560 1554
85 893 766
86 525 1376
87 726 1177
88 765 1342
89 881 1337
90 714 1327
91 669 1289
92 322 1252
93 901 1281
94 936 1160
95 961 1010
96 807 1268
97 1029 943
98 693 1103
99 471 1067
100 793 1308
101 591 966
102 1031 911
103 454 1237
104 796 1217
105 632 1436
106 690 1492
107 495 1086
108 553 1312
109 717 1148
110 341 1307
111 302 1164
112 1014 1276
113 716 1150
114 1007 847
115 646 1195
116 749 1285
117 1017 741
118 527 1186
119 587 1090
120 898 1141
121 847 1139
122 651 1383
123 982 1159
124 472 1379
125 1076 1131
126 1057 1035
127 212 1247
128 676 1557
129 978 1394
130 641 1540
131 483 1066
132 581 1555
133 693 1327
134 1007 1217
135 725 1175
136 823 1183
137 881 1185
138 729 1514
139 305 1123
140 1170 1142
141 457 1534
142 713 1399
143 405 1442
144 1188 1004
145 949 1231
146 545 1430
147 268 1400
148 738 1435
149 431 1176
150 1159 1076
151 249 1200
152 250 1377
153 372 1441
154 515 1561
155 919 1073
156 583 1405
157 926 1124
158 558 1500
159 1198 1020
160 822 740
161 420 1168
162 481 1172
163 396 1377
164 510 1394
165 569 1519
166 634 1254
167 709 1581
168 420 1121
169 844 1288
170 757 1283
171 381 1242
172 734 1387
173 1180 956
174 972 1354
175 591 1264
176 1039 1626
177 1026 1882
178 969 1695
179 1130 1458
180 1011 1877
181 604 1631
182 902 132
183 982 1713
184 536 1603
185 479 1562
186 1008 1840
187 499 1665
188 1007 1736
189 363 1596
190 1044 1702
191 165 1347
192 560 166
193 902 159
194 303 1679
195 561 1688
196 986 1757
197 373 1699
198 597 1640
199 730 280
200 406 1620
DEMAND_SECTION  
0 0
1 1
2 1
3 1
4 2
5 1
6 1
7 1
8 2
9 1
10 3
11 2
12 2
13 3
14 2
15 1
16 3
17 1
18 1
19 3
20 2
21 3
22 3
23 1
24 3
25 1
26 2
27 1
28 3
29 1
30 1
31 3
32 1
33 3
34 1
35 1
36 2
37 2
38 3
39 2
40 2
41 1
42 1
43 2
44 1
45 1
46 2
47 2
48 1
49 1
50 1
51 3
52 2
53 2
54 1
55 3
56 1
57 2
58 3
59 2
60 1
61 2
62 2
63 2
64 1
65 2
66 1
67 1
68 1
69 1
70 1
71 1
72 2
73 1
74 1
75 1
76 1
77 1
78 1
79 3
80 1
81 2
82 1
83 3
84 3
85 1
86 2
87 1
88 1
89 3
90 1
91 1
92 1
93 1
94 2
95 2
96 2
97 3
98 1
99 3
100 2
101 2
102 3
103 3
104 1
105 1
106 1
107 1
108 1
109 1
110 2
111 3
112 3
113 3
114 2
115 1
116 1
117 2
118 1
119 1
120 3
121 2
122 2
123 1
124 2
125 1
126 1
127 1
128 1
129 3
130 2
131 3
132 3
133 1
134 1
135 1
136 3
137 2
138 2
139 1
140 1
141 2
142 1
143 1
144 3
145 2
146 1
147 3
148 3
149 2
150 3
151 3
152 1
153 2
154 3
155 2
156 1
157 2
158 2
159 1
160 2
161 1
162 1
163 2
164 1
165 2
166 1
167 3
168 3
169 3
170 1
171 1
172 1
173 1
174 3
175 1
176 1
177 1
178 1
179 1
180 1
181 3
182 1
183 1
184 1
185 1
186 3
187 3
188 2
189 1
190 2
191 3
192 2
193 1
194 1
195 1
196 3
197 1
198 3
199 1
200 3
SERVING_TIME_BY_THE_TRUCK 
0 0
1 2
2 4
3 3
4 3
5 2
6 5
7 3
8 2
9 3
10 5
11 2
12 2
13 5
14 3
15 4
16 4
17 3
18 5
19 2
20 4
21 4
22 3
23 4
24 5
25 3
26 2
27 3
28 2
29 4
30 4
31 4
32 3
33 4
34 3
35 4
36 4
37 3
38 4
39 4
40 4
41 4
42 2
43 3
44 3
45 3
46 2
47 3
48 3
49 3
50 4
51 4
52 3
53 4
54 2
55 4
56 3
57 2
58 4
59 5
60 3
61 3
62 4
63 2
64 3
65 4
66 5
67 4
68 5
69 4
70 4
71 4
72 4
73 3
74 2
75 2
76 2
77 4
78 3
79 4
80 4
81 5
82 2
83 4
84 3
85 3
86 2
87 4
88 4
89 3
90 2
91 2
92 4
93 3
94 3
95 3
96 4
97 5
98 4
99 4
100 4
101 5
102 2
103 2
104 5
105 5
106 4
107 2
108 4
109 5
110 4
111 3
112 4
113 3
114 3
115 3
116 3
117 3
118 2
119 3
120 2
121 4
122 5
123 3
124 4
125 3
126 5
127 3
128 4
129 4
130 4
131 3
132 2
133 2
134 2
135 3
136 4
137 4
138 4
139 4
140 3
141 3
142 4
143 4
144 3
145 3
146 5
147 4
148 4
149 2
150 5
151 4
152 3
153 3
154 4
155 2
156 4
157 4
158 5
159 2
160 3
161 5
162 2
163 4
164 4
165 3
166 3
167 3
168 2
169 5
170 4
171 4
172 2
173 3
174 4
175 4
176 4
177 4
178 3
179 2
180 4
181 3
182 2
183 3
184 3
185 5
186 3
187 5
188 4
189 2
190 4
191 3
192 5
193 2
194 2
195 4
196 3
197 4
198 4
199 5
200 4
EOF 
