NAME : Leuven1_N22_c2
DIMENSION : 22
EDGE_WEIGHT_TYPE : EUC_2D  
NODE_COORD_SECTION  
0 700 1000
1 858 1029
2 581 1165
3 771 493
4 368 1440
5 761 1426
6 520 1070
7 680 1119
8 1125 1034
9 828 1286
10 457 1534
11 742 1319
12 750 1073
13 660 1243
14 590 1297
15 622 870
16 546 1007
17 507 1297
18 678 1004
19 695 1085
20 773 219
21 1005 1
DEMAND_SECTION  
0 0 
1 1
2 1
3 1
4 3
5 2
6 3
7 1
8 1
9 2
10 2
11 1
12 3
13 3
14 1
15 2
16 1
17 1
18 1
19 2
20 1
21 1
SERVING_TIME_BY_THE_TRUCK 
0 0 
1 3
2 5
3 2
4 2
5 4
6 4
7 5
8 4
9 2
10 4
11 3
12 4
13 5
14 3
15 3
16 4
17 3
18 2
19 2
20 3
21 3
EOF 
