NAME : Leuven1_N19_c4
DIMENSION : 19
EDGE_WEIGHT_TYPE : EUC_2D  
NODE_COORD_SECTION  
0 700 1000
1 496 1164
2 638 1245
3 536 1377
4 687 1378
5 715 1186
6 590 924
7 758 592
8 814 833
9 538 1178
10 326 1370
11 594 1181
12 880 1074
13 567 1566
14 357 1433
15 861 654
16 224 1292
17 724 251
18 1020 1836
DEMAND_SECTION  
0 0 
1 1
2 1
3 1
4 1
5 2
6 1
7 3
8 1
9 1
10 2
11 1
12 2
13 2
14 3
15 3
16 2
17 3
18 1
SERVING_TIME_BY_THE_TRUCK 
0 0 
1 4
2 5
3 3
4 4
5 4
6 3
7 5
8 3
9 3
10 3
11 3
12 4
13 4
14 5
15 4
16 3
17 5
18 5
EOF 
