NAME : Leuven1_N101_a5
DIMENSION : 101
EDGE_WEIGHT_TYPE : EUC_2D  
NODE_COORD_SECTION  
0 700 1000
1 503 1133
2 817 1120
3 657 859
4 705 1260
5 871 1226
6 573 1186
7 655 1134
8 639 946
9 694 1147
10 671 1094
11 593 1215
12 660 1266
13 1017 1195
14 1076 765
15 707 1317
16 731 1418
17 662 1488
18 738 1136
19 986 1220
20 879 1158
21 496 1233
22 715 1180
23 551 1345
24 729 1069
25 921 949
26 895 1323
27 594 1042
28 641 1188
29 861 1286
30 685 831
31 751 1268
32 874 713
33 625 1165
34 667 1160
35 650 1008
36 539 1152
37 711 1169
38 545 1430
39 605 1558
40 598 853
41 581 1159
42 992 1047
43 980 1324
44 982 1159
45 568 1134
46 578 1184
47 676 1447
48 692 1134
49 400 1455
50 698 1248
51 720 1299
52 1072 1179
53 924 1209
54 420 1121
55 1014 841
56 687 1140
57 522 1094
58 541 1055
59 714 1327
60 613 1441
61 898 657
62 772 1052
63 669 1096
64 653 1338
65 562 1373
66 579 1392
67 453 1329
68 468 1241
69 666 1527
70 1082 764
71 650 1577
72 1258 1038
73 542 1345
74 1249 835
75 381 1242
76 868 1351
77 648 1357
78 735 1126
79 252 1300
80 1052 1184
81 682 1293
82 868 1103
83 687 1213
84 545 1198
85 669 1194
86 621 1555
87 793 1253
88 944 1196
89 223 1461
90 1039 1803
91 921 36
92 909 300
93 506 1640
94 357 1607
95 891 374
96 329 1617
97 1183 1471
98 917 150
99 1236 1296
100 730 280
DEMAND_SECTION  
0 0
1 1
2 1
3 2
4 1
5 3
6 1
7 1
8 1
9 1
10 2
11 3
12 1
13 1
14 1
15 1
16 1
17 3
18 3
19 1
20 2
21 1
22 2
23 1
24 1
25 2
26 2
27 1
28 3
29 1
30 3
31 2
32 1
33 3
34 1
35 2
36 1
37 2
38 1
39 1
40 3
41 3
42 1
43 3
44 1
45 3
46 3
47 1
48 2
49 2
50 3
51 1
52 1
53 1
54 3
55 1
56 1
57 1
58 1
59 1
60 1
61 1
62 1
63 1
64 1
65 2
66 1
67 1
68 2
69 1
70 1
71 1
72 1
73 1
74 2
75 1
76 1
77 1
78 1
79 3
80 1
81 1
82 1
83 3
84 1
85 2
86 1
87 2
88 2
89 1
90 3
91 2
92 2
93 1
94 1
95 3
96 1
97 1
98 3
99 2
100 1
SERVING_TIME_BY_THE_TRUCK 
0 0
1 4
2 4
3 3
4 3
5 4
6 4
7 5
8 2
9 4
10 4
11 3
12 3
13 3
14 5
15 5
16 3
17 2
18 4
19 5
20 4
21 2
22 4
23 4
24 4
25 4
26 4
27 3
28 2
29 3
30 4
31 3
32 5
33 5
34 3
35 2
36 5
37 4
38 4
39 4
40 3
41 3
42 4
43 2
44 4
45 2
46 3
47 4
48 4
49 4
50 5
51 4
52 3
53 3
54 4
55 3
56 2
57 4
58 5
59 3
60 4
61 2
62 4
63 2
64 2
65 4
66 4
67 3
68 4
69 4
70 2
71 5
72 2
73 3
74 4
75 2
76 4
77 4
78 4
79 3
80 2
81 4
82 4
83 4
84 4
85 2
86 4
87 4
88 2
89 5
90 4
91 3
92 4
93 4
94 3
95 3
96 4
97 3
98 2
99 3
100 3
EOF 
