NAME : Leuven1_N22_c4
DIMENSION : 22
EDGE_WEIGHT_TYPE : EUC_2D  
NODE_COORD_SECTION  
0 700 1000
1 619 1063
2 758 1163
3 1166 1085
4 655 1018
5 532 1203
6 731 1115
7 566 1286
8 742 1532
9 898 1250
10 881 784
11 669 1182
12 855 733
13 819 1112
14 735 1306
15 891 775
16 533 1375
17 728 1251
18 999 1277
19 708 1453
20 561 1688
21 846 1721
DEMAND_SECTION  
0 0 
1 1
2 2
3 1
4 1
5 2
6 2
7 1
8 1
9 1
10 2
11 3
12 1
13 1
14 3
15 1
16 3
17 1
18 1
19 1
20 1
21 1
SERVING_TIME_BY_THE_TRUCK 
0 0 
1 5
2 3
3 5
4 3
5 3
6 3
7 5
8 3
9 3
10 4
11 4
12 5
13 4
14 4
15 4
16 2
17 3
18 5
19 4
20 3
21 3
EOF 
