NAME : Leuven1_N31_b4
DIMENSION : 31
EDGE_WEIGHT_TYPE : EUC_2D  
NODE_COORD_SECTION  
0 700 1000
1 895 1134
2 800 1133
3 682 1166
4 1017 1195
5 707 1016
6 632 1436
7 697 1008
8 1085 1220
9 592 1329
10 810 1227
11 472 1379
12 594 1042
13 496 1164
14 763 1108
15 909 1263
16 650 1304
17 968 1377
18 737 1273
19 513 1297
20 765 1186
21 845 1092
22 683 1593
23 280 1174
24 1222 1084
25 907 753
26 987 1459
27 693 1185
28 1045 1721
29 539 1737
30 1040 1778
DEMAND_SECTION  
0 0
1 3
2 1
3 1
4 1
5 1
6 1
7 1
8 2
9 3
10 3
11 2
12 1
13 1
14 1
15 3
16 2
17 1
18 2
19 2
20 1
21 1
22 1
23 1
24 1
25 2
26 1
27 1
28 3
29 1
30 3
SERVING_TIME_BY_THE_TRUCK 
0 0
1 3
2 2
3 4
4 4
5 3
6 5
7 2
8 4
9 5
10 2
11 3
12 2
13 4
14 3
15 2
16 5
17 2
18 4
19 5
20 4
21 4
22 2
23 5
24 3
25 5
26 3
27 4
28 5
29 2
30 2
EOF 
