NAME : Leuven1_N37_b2
DIMENSION : 37
EDGE_WEIGHT_TYPE : EUC_2D  
NODE_COORD_SECTION  
0 700 1000
1 723 1262
2 772 1286
3 912 951
4 801 1128
5 625 1052
6 751 1109
7 693 1118
8 539 1237
9 598 1152
10 579 1516
11 1138 1205
12 1251 782
13 925 1333
14 1086 955
15 786 1593
16 1073 1018
17 1120 1151
18 580 1576
19 746 1521
20 567 1214
21 757 1283
22 506 1082
23 674 1267
24 975 1295
25 1185 967
26 884 1070
27 687 1378
28 809 1339
29 566 1342
30 594 1338
31 522 1094
32 938 1004
33 597 7
34 996 1867
35 807 357
36 1340 922
DEMAND_SECTION  
0 0
1 3
2 1
3 3
4 1
5 1
6 1
7 3
8 2
9 3
10 1
11 1
12 3
13 3
14 1
15 2
16 2
17 1
18 1
19 1
20 3
21 1
22 3
23 2
24 3
25 1
26 2
27 1
28 2
29 3
30 2
31 1
32 1
33 2
34 1
35 3
36 2
SERVING_TIME_BY_THE_TRUCK 
0 0
1 4
2 4
3 4
4 3
5 2
6 3
7 3
8 4
9 5
10 2
11 4
12 4
13 4
14 5
15 5
16 5
17 3
18 3
19 4
20 3
21 3
22 3
23 3
24 5
25 3
26 4
27 3
28 3
29 3
30 4
31 3
32 5
33 3
34 4
35 3
36 4
EOF 
