NAME : Leuven1_N28_a2
DIMENSION : 28
EDGE_WEIGHT_TYPE : EUC_2D  
NODE_COORD_SECTION  
0 700 1000
1 884 1070
2 732 1153
3 845 1092
4 728 1183
5 693 1189
6 979 1363
7 737 1273
8 569 1127
9 772 1052
10 698 1034
11 597 838
12 553 1576
13 914 1060
14 704 1148
15 919 1379
16 1039 1083
17 990 780
18 424 1398
19 1071 690
20 633 1374
21 583 1513
22 829 1295
23 687 1213
24 828 1342
25 613 213
26 979 1703
27 1355 1028
DEMAND_SECTION  
0 0
1 2
2 1
3 1
4 3
5 3
6 1
7 2
8 1
9 1
10 2
11 1
12 2
13 3
14 2
15 1
16 1
17 2
18 1
19 2
20 1
21 1
22 2
23 3
24 1
25 1
26 2
27 2
SERVING_TIME_BY_THE_TRUCK 
0 0
1 4
2 4
3 4
4 3
5 2
6 3
7 5
8 3
9 3
10 5
11 2
12 5
13 3
14 4
15 3
16 5
17 5
18 5
19 4
20 4
21 5
22 4
23 3
24 2
25 4
26 2
27 4
EOF 
