NAME : Leuven1_N31_c5
DIMENSION : 31
EDGE_WEIGHT_TYPE : EUC_2D  
NODE_COORD_SECTION  
0 700 1000
1 704 1005
2 634 1201
3 560 1145
4 660 1355
5 1164 1028
6 1168 731
7 431 1263
8 861 911
9 702 1345
10 605 1558
11 313 1187
12 728 1104
13 604 1424
14 513 1297
15 1084 1156
16 681 1136
17 515 1281
18 461 1305
19 854 1330
20 399 1339
21 599 1190
22 626 1339
23 569 672
24 562 1373
25 866 1210
26 468 1241
27 763 1319
28 618 338
29 77 1563
30 359 1665
DEMAND_SECTION  
0 0 
1 1
2 3
3 1
4 1
5 1
6 3
7 1
8 1
9 1
10 1
11 2
12 1
13 1
14 2
15 2
16 1
17 2
18 1
19 1
20 2
21 2
22 1
23 1
24 2
25 2
26 2
27 3
28 1
29 1
30 1
SERVING_TIME_BY_THE_TRUCK 
0 0 
1 5
2 3
3 4
4 2
5 2
6 3
7 4
8 4
9 3
10 3
11 2
12 3
13 4
14 2
15 5
16 4
17 4
18 5
19 5
20 4
21 3
22 5
23 4
24 3
25 5
26 3
27 4
28 3
29 3
30 5
EOF 
