NAME : Leuven1_N301_b2
DIMENSION : 301
EDGE_WEIGHT_TYPE : EUC_2D  
NODE_COORD_SECTION  
0 700 1000
1 906 1209
2 677 1192
3 632 1047
4 759 1277
5 567 1264
6 796 1217
7 879 1228
8 730 1188
9 884 1190
10 641 1188
11 774 1242
12 691 1183
13 886 770
14 711 1133
15 526 1226
16 679 1217
17 662 1165
18 662 1109
19 574 964
20 634 1292
21 457 1030
22 963 927
23 793 1189
24 687 1225
25 659 1158
26 913 1045
27 665 1066
28 766 1138
29 688 1220
30 683 1103
31 563 1185
32 977 973
33 694 1147
34 604 924
35 656 1101
36 852 1026
37 456 1014
38 663 1387
39 471 1332
40 569 1285
41 999 1277
42 934 1368
43 675 1100
44 568 1120
45 618 1265
46 868 1103
47 762 1167
48 993 1257
49 588 1478
50 634 1080
51 1108 1008
52 627 1319
53 521 1066
54 721 1130
55 304 1265
56 468 1030
57 338 1371
58 1097 1177
59 577 1094
60 393 1333
61 841 1315
62 906 1105
63 697 1008
64 900 1197
65 530 1042
66 895 1134
67 424 1271
68 1145 1086
69 601 916
70 487 1016
71 732 1257
72 698 1044
73 597 1066
74 658 1192
75 819 1262
76 1007 1273
77 949 1285
78 632 1411
79 601 1348
80 687 1378
81 258 1398
82 1249 835
83 602 1287
84 257 1310
85 949 1231
86 909 1294
87 486 1414
88 613 682
89 1113 1220
90 594 1521
91 865 1377
92 616 1385
93 1110 1051
94 840 727
95 621 442
96 443 1395
97 700 1571
98 854 1330
99 291 1368
100 566 1342
101 443 1210
102 1099 762
103 1166 1085
104 861 1384
105 424 1285
106 900 1373
107 430 1134
108 837 1289
109 653 1338
110 567 487
111 567 1497
112 471 1356
113 457 1219
114 758 592
115 858 1029
116 632 1188
117 522 1075
118 763 1142
119 611 1572
120 625 1052
121 732 1260
122 1120 1073
123 941 968
124 471 1067
125 506 1359
126 510 1376
127 1244 1050
128 945 1345
129 823 1276
130 610 1024
131 942 794
132 898 1286
133 1072 1179
134 1046 1279
135 459 1356
136 1020 1355
137 400 1455
138 951 1367
139 966 1056
140 690 1273
141 953 953
142 422 1220
143 479 1114
144 678 1300
145 620 1497
146 984 1282
147 562 1234
148 700 1193
149 1020 1025
150 331 1285
151 744 1108
152 326 1370
153 613 1214
154 594 1042
155 587 1090
156 1192 799
157 924 1209
158 596 1225
159 734 1544
160 882 602
161 667 1080
162 1099 934
163 678 1021
164 898 1141
165 614 1578
166 684 1271
167 634 1103
168 993 930
169 696 1578
170 977 1351
171 751 1393
172 682 1303
173 409 1221
174 647 1312
175 640 1238
176 834 752
177 343 1167
178 403 1178
179 805 1221
180 631 1327
181 865 1368
182 960 957
183 578 1184
184 601 996
185 533 1173
186 638 1203
187 731 1418
188 708 1520
189 854 1152
190 1031 1211
191 588 1338
192 611 1534
193 491 1237
194 368 1440
195 892 780
196 937 1156
197 1010 1257
198 594 1338
199 586 1345
200 604 1456
201 933 960
202 738 1165
203 679 1113
204 898 1250
205 394 1444
206 1007 1217
207 1033 1239
208 567 1214
209 771 1137
210 678 1004
211 898 1285
212 723 1582
213 461 1305
214 553 1312
215 728 1104
216 1148 1102
217 796 1154
218 891 680
219 889 1088
220 872 764
221 548 1152
222 867 1290
223 685 1153
224 249 1252
225 396 1377
226 234 1301
227 1172 925
228 697 1533
229 607 1412
230 997 1211
231 616 1577
232 932 962
233 606 418
234 302 1243
235 1148 697
236 756 1183
237 750 1207
238 897 667
239 765 451
240 286 1303
241 674 932
242 602 1419
243 597 1587
244 625 1522
245 673 1137
246 1085 909
247 536 1356
248 579 1516
249 593 761
250 744 1461
251 375 1468
252 890 788
253 367 1201
254 605 1558
255 987 1459
256 1112 612
257 933 1170
258 972 1218
259 424 1451
260 345 1283
261 959 1248
262 660 1355
263 370 1323
264 676 1678
265 479 1562
266 430 69
267 1373 971
268 721 374
269 389 1616
270 1024 32
271 1015 1798
272 526 1781
273 307 1903
274 623 40
275 1012 1755
276 212 1415
277 930 1684
278 94 1511
279 569 49
280 1008 1540
281 97 1535
282 1000 1570
283 1281 1201
284 1072 1866
285 505 201
286 1000 1805
287 957 377
288 1082 97
289 617 1599
290 77 1563
291 865 1844
292 917 1779
293 1045 1721
294 773 219
295 612 1659
296 1012 1653
297 226 1403
298 278 1444
299 885 1817
300 1017 1629
DEMAND_SECTION  
0 0
1 1
2 3
3 2
4 1
5 2
6 1
7 1
8 2
9 1
10 3
11 3
12 2
13 1
14 1
15 2
16 1
17 1
18 2
19 3
20 1
21 1
22 2
23 3
24 3
25 1
26 2
27 1
28 1
29 1
30 1
31 1
32 3
33 1
34 1
35 1
36 3
37 3
38 2
39 2
40 1
41 1
42 1
43 2
44 1
45 2
46 1
47 1
48 2
49 1
50 1
51 2
52 1
53 2
54 1
55 3
56 3
57 1
58 1
59 2
60 1
61 1
62 1
63 1
64 2
65 1
66 3
67 3
68 1
69 2
70 1
71 3
72 2
73 1
74 1
75 3
76 2
77 3
78 2
79 1
80 1
81 1
82 2
83 2
84 3
85 2
86 1
87 1
88 1
89 2
90 3
91 1
92 3
93 1
94 1
95 1
96 1
97 1
98 1
99 2
100 3
101 1
102 1
103 1
104 2
105 1
106 3
107 2
108 3
109 1
110 1
111 1
112 1
113 1
114 3
115 1
116 1
117 1
118 1
119 1
120 1
121 3
122 1
123 1
124 3
125 3
126 2
127 1
128 2
129 1
130 1
131 3
132 1
133 1
134 1
135 3
136 1
137 2
138 2
139 1
140 1
141 1
142 1
143 1
144 1
145 1
146 1
147 1
148 2
149 1
150 1
151 3
152 2
153 1
154 1
155 1
156 2
157 1
158 1
159 1
160 3
161 1
162 3
163 1
164 3
165 2
166 1
167 1
168 3
169 1
170 1
171 1
172 2
173 3
174 1
175 3
176 2
177 1
178 2
179 1
180 1
181 1
182 1
183 3
184 2
185 1
186 3
187 1
188 2
189 1
190 1
191 2
192 2
193 3
194 3
195 2
196 2
197 2
198 2
199 2
200 2
201 1
202 1
203 3
204 1
205 2
206 1
207 1
208 3
209 3
210 1
211 1
212 1
213 1
214 1
215 1
216 1
217 1
218 1
219 1
220 1
221 2
222 3
223 1
224 3
225 2
226 1
227 2
228 1
229 2
230 2
231 1
232 1
233 1
234 2
235 1
236 3
237 3
238 3
239 1
240 1
241 2
242 1
243 1
244 2
245 3
246 1
247 1
248 1
249 3
250 1
251 1
252 3
253 1
254 1
255 1
256 2
257 2
258 1
259 2
260 2
261 2
262 1
263 1
264 1
265 1
266 1
267 2
268 1
269 1
270 2
271 3
272 2
273 1
274 3
275 1
276 3
277 1
278 2
279 2
280 1
281 3
282 1
283 2
284 1
285 3
286 1
287 1
288 3
289 2
290 1
291 3
292 2
293 3
294 1
295 3
296 3
297 2
298 2
299 2
300 1
SERVING_TIME_BY_THE_TRUCK 
0 0
1 3
2 3
3 3
4 5
5 4
6 4
7 2
8 3
9 3
10 2
11 5
12 5
13 4
14 2
15 3
16 2
17 2
18 3
19 3
20 4
21 3
22 5
23 4
24 5
25 5
26 5
27 2
28 3
29 4
30 3
31 2
32 3
33 3
34 2
35 3
36 3
37 4
38 3
39 3
40 4
41 4
42 4
43 2
44 4
45 5
46 4
47 4
48 3
49 5
50 3
51 4
52 3
53 3
54 4
55 3
56 3
57 3
58 5
59 3
60 5
61 4
62 3
63 3
64 2
65 4
66 3
67 3
68 3
69 3
70 4
71 2
72 3
73 3
74 2
75 2
76 2
77 5
78 2
79 4
80 5
81 4
82 2
83 2
84 2
85 5
86 4
87 4
88 3
89 2
90 3
91 3
92 4
93 2
94 5
95 5
96 4
97 3
98 3
99 3
100 4
101 5
102 2
103 5
104 3
105 2
106 5
107 2
108 4
109 4
110 4
111 4
112 3
113 3
114 4
115 5
116 4
117 4
118 3
119 3
120 2
121 2
122 3
123 3
124 2
125 5
126 2
127 4
128 3
129 4
130 4
131 4
132 4
133 2
134 2
135 4
136 4
137 4
138 4
139 2
140 2
141 2
142 3
143 3
144 3
145 5
146 5
147 2
148 4
149 3
150 3
151 4
152 2
153 3
154 3
155 3
156 4
157 3
158 3
159 4
160 4
161 2
162 2
163 4
164 2
165 2
166 5
167 5
168 5
169 4
170 4
171 3
172 2
173 5
174 4
175 5
176 5
177 4
178 5
179 3
180 4
181 2
182 3
183 2
184 2
185 5
186 4
187 5
188 2
189 3
190 3
191 4
192 5
193 5
194 3
195 2
196 3
197 2
198 4
199 2
200 5
201 4
202 2
203 5
204 4
205 3
206 5
207 4
208 2
209 3
210 4
211 5
212 4
213 2
214 2
215 3
216 3
217 2
218 3
219 4
220 4
221 4
222 3
223 3
224 4
225 3
226 3
227 3
228 4
229 5
230 5
231 4
232 3
233 3
234 3
235 3
236 4
237 2
238 5
239 2
240 4
241 2
242 2
243 3
244 5
245 3
246 4
247 2
248 3
249 2
250 4
251 3
252 5
253 5
254 2
255 4
256 4
257 3
258 4
259 2
260 4
261 4
262 4
263 5
264 3
265 4
266 3
267 4
268 3
269 5
270 2
271 3
272 3
273 4
274 4
275 5
276 2
277 5
278 4
279 2
280 5
281 3
282 4
283 5
284 3
285 4
286 4
287 2
288 4
289 5
290 4
291 2
292 4
293 5
294 3
295 5
296 2
297 5
298 2
299 4
300 3
EOF 
