NAME : Leuven1_N19_a3
DIMENSION : 19
EDGE_WEIGHT_TYPE : EUC_2D  
NODE_COORD_SECTION  
0 700 1000
1 675 1139
2 508 1138
3 617 1282
4 520 1181
5 1164 1028
6 650 1137
7 224 1346
8 747 1277
9 616 1162
10 604 1191
11 562 1022
12 1176 1188
13 614 1578
14 302 1164
15 627 1351
16 541 1362
17 567 367
18 226 1403
DEMAND_SECTION  
0 0
1 1
2 2
3 1
4 1
5 1
6 2
7 2
8 2
9 2
10 1
11 1
12 1
13 2
14 3
15 2
16 3
17 2
18 2
SERVING_TIME_BY_THE_TRUCK 
0 0
1 3
2 5
3 4
4 2
5 4
6 5
7 5
8 4
9 4
10 4
11 2
12 4
13 4
14 4
15 4
16 3
17 4
18 3
EOF 
