NAME : Leuven1_N34_a2
DIMENSION : 34
EDGE_WEIGHT_TYPE : EUC_2D  
NODE_COORD_SECTION  
0 700 1000
1 858 1215
2 658 1280
3 698 1118
4 522 1075
5 607 1228
6 576 1485
7 611 1259
8 648 1134
9 1005 1296
10 674 1267
11 854 1193
12 756 1359
13 319 1332
14 788 1271
15 695 1237
16 576 1193
17 655 1134
18 704 1005
19 724 1042
20 715 1186
21 910 1282
22 1180 956
23 600 1200
24 634 1080
25 403 1344
26 626 1002
27 605 1558
28 909 1259
29 457 1030
30 455 1574
31 459 1589
32 1025 1618
33 287 1483
DEMAND_SECTION  
0 0
1 2
2 2
3 3
4 1
5 3
6 2
7 1
8 2
9 2
10 2
11 3
12 1
13 1
14 3
15 1
16 3
17 1
18 1
19 1
20 2
21 1
22 1
23 2
24 1
25 2
26 2
27 1
28 1
29 1
30 2
31 1
32 1
33 2
SERVING_TIME_BY_THE_TRUCK 
0 0
1 5
2 3
3 5
4 3
5 4
6 3
7 4
8 3
9 3
10 4
11 5
12 3
13 5
14 4
15 4
16 4
17 5
18 3
19 3
20 4
21 4
22 4
23 3
24 5
25 3
26 4
27 3
28 3
29 3
30 4
31 4
32 4
33 4
EOF 
