NAME : Leuven1_N101_b1
DIMENSION : 101
EDGE_WEIGHT_TYPE : EUC_2D  
NODE_COORD_SECTION  
0 700 1000
1 507 1198
2 817 1120
3 872 1073
4 788 1044
5 819 1092
6 928 1184
7 724 1171
8 846 1077
9 669 1194
10 849 777
11 758 1273
12 650 1055
13 997 1211
14 686 1303
15 928 851
16 726 1177
17 898 1292
18 523 1240
19 644 901
20 549 1154
21 705 1117
22 688 1192
23 647 1312
24 438 1120
25 699 1472
26 536 1283
27 858 727
28 737 1325
29 884 1069
30 683 1078
31 674 1267
32 572 1438
33 653 1338
34 595 1070
35 617 1282
36 574 1279
37 686 1279
38 1251 782
39 455 1053
40 746 1521
41 503 1325
42 634 1292
43 394 1444
44 1026 1315
45 842 1374
46 628 1112
47 924 1065
48 516 1104
49 858 1333
50 633 1383
51 431 1176
52 850 1027
53 664 1516
54 914 1060
55 594 1181
56 572 1570
57 656 1101
58 413 1211
59 243 1311
60 613 1247
61 972 1076
62 896 712
63 539 1178
64 453 1329
65 929 1139
66 450 1155
67 670 1160
68 611 1358
69 562 1022
70 660 1266
71 842 1316
72 840 727
73 1168 731
74 1154 1106
75 914 1152
76 1166 1085
77 367 1201
78 618 1532
79 338 1278
80 1192 1089
81 864 1382
82 1126 940
83 977 1351
84 1163 979
85 621 1496
86 461 1305
87 868 1277
88 645 1378
89 898 1714
90 602 1671
91 806 363
92 867 236
93 175 1352
94 814 1773
95 453 1589
96 720 269
97 1100 1822
98 116 1516
99 1021 1828
100 475 44
DEMAND_SECTION  
0 0
1 1
2 1
3 2
4 1
5 1
6 1
7 2
8 1
9 2
10 1
11 3
12 1
13 2
14 2
15 2
16 1
17 1
18 1
19 3
20 3
21 2
22 2
23 1
24 2
25 1
26 1
27 2
28 1
29 2
30 1
31 2
32 1
33 1
34 1
35 1
36 1
37 2
38 3
39 2
40 1
41 1
42 1
43 2
44 1
45 2
46 1
47 1
48 1
49 1
50 2
51 2
52 2
53 1
54 3
55 1
56 3
57 1
58 2
59 1
60 1
61 3
62 1
63 3
64 1
65 1
66 3
67 1
68 1
69 1
70 1
71 1
72 1
73 3
74 2
75 1
76 1
77 1
78 1
79 1
80 1
81 1
82 1
83 1
84 1
85 2
86 1
87 2
88 1
89 3
90 1
91 1
92 1
93 1
94 1
95 1
96 1
97 3
98 3
99 3
100 1
SERVING_TIME_BY_THE_TRUCK 
0 0
1 3
2 5
3 4
4 3
5 4
6 5
7 4
8 4
9 4
10 4
11 3
12 4
13 2
14 2
15 3
16 4
17 4
18 4
19 2
20 3
21 3
22 4
23 3
24 2
25 4
26 5
27 5
28 3
29 2
30 4
31 2
32 3
33 3
34 4
35 2
36 2
37 3
38 4
39 4
40 4
41 4
42 3
43 5
44 4
45 3
46 2
47 4
48 3
49 3
50 4
51 2
52 5
53 4
54 3
55 4
56 3
57 3
58 4
59 4
60 3
61 5
62 4
63 4
64 3
65 4
66 3
67 3
68 3
69 4
70 2
71 4
72 2
73 4
74 2
75 2
76 3
77 5
78 3
79 3
80 5
81 3
82 5
83 4
84 5
85 3
86 4
87 4
88 5
89 4
90 2
91 5
92 3
93 3
94 4
95 2
96 4
97 4
98 5
99 4
100 2
EOF 
