NAME : Leuven1_N101_b5
DIMENSION : 101
EDGE_WEIGHT_TYPE : EUC_2D  
NODE_COORD_SECTION  
0 700 1000
1 503 1133
2 817 1120
3 657 859
4 705 1260
5 871 1226
6 573 1186
7 655 1134
8 639 946
9 694 1147
10 671 1094
11 593 1215
12 660 1266
13 598 853
14 581 1159
15 568 1134
16 692 1134
17 720 1299
18 641 1188
19 1072 1179
20 685 831
21 682 1293
22 613 1441
23 751 1268
24 772 1052
25 625 1165
26 653 1338
27 1017 1195
28 1076 765
29 707 1317
30 545 1430
31 453 1329
32 468 1241
33 666 1527
34 1082 764
35 662 1488
36 738 1136
37 879 1158
38 496 1233
39 650 1577
40 1258 1038
41 542 1345
42 992 1047
43 980 1324
44 868 1351
45 982 1159
46 648 1357
47 729 1069
48 578 1184
49 921 949
50 735 1126
51 895 1323
52 676 1447
53 400 1455
54 698 1248
55 594 1042
56 252 1300
57 924 1209
58 420 1121
59 1014 841
60 687 1140
61 868 1103
62 522 1094
63 541 1055
64 714 1327
65 687 1213
66 898 657
67 545 1198
68 669 1194
69 621 1555
70 667 1160
71 650 1008
72 669 1096
73 793 1253
74 539 1152
75 944 1196
76 562 1373
77 731 1418
78 579 1392
79 605 1558
80 986 1220
81 1249 835
82 381 1242
83 715 1180
84 551 1345
85 861 1286
86 1052 1184
87 874 713
88 711 1169
89 223 1461
90 1039 1803
91 921 36
92 909 300
93 506 1640
94 357 1607
95 891 374
96 329 1617
97 1183 1471
98 917 150
99 1236 1296
100 730 280
DEMAND_SECTION  
0 0
1 1
2 1
3 2
4 1
5 3
6 1
7 1
8 1
9 1
10 2
11 3
12 1
13 3
14 3
15 3
16 2
17 1
18 3
19 1
20 3
21 1
22 1
23 2
24 1
25 3
26 1
27 1
28 1
29 1
30 1
31 1
32 2
33 1
34 1
35 3
36 3
37 2
38 1
39 1
40 1
41 1
42 1
43 3
44 1
45 1
46 1
47 1
48 3
49 2
50 1
51 2
52 1
53 2
54 3
55 1
56 3
57 1
58 3
59 1
60 1
61 1
62 1
63 1
64 1
65 3
66 1
67 1
68 2
69 1
70 1
71 2
72 1
73 2
74 1
75 2
76 2
77 1
78 1
79 1
80 1
81 2
82 1
83 2
84 1
85 1
86 1
87 1
88 2
89 1
90 3
91 2
92 2
93 1
94 1
95 3
96 1
97 1
98 3
99 2
100 1
SERVING_TIME_BY_THE_TRUCK 
0 0
1 4
2 4
3 3
4 3
5 4
6 4
7 5
8 2
9 4
10 4
11 3
12 3
13 3
14 3
15 2
16 4
17 4
18 2
19 3
20 4
21 4
22 4
23 3
24 4
25 5
26 2
27 3
28 5
29 5
30 4
31 3
32 4
33 4
34 2
35 2
36 4
37 4
38 2
39 5
40 2
41 3
42 4
43 2
44 4
45 4
46 4
47 4
48 3
49 4
50 4
51 4
52 4
53 4
54 5
55 3
56 3
57 3
58 4
59 3
60 2
61 4
62 4
63 5
64 3
65 4
66 2
67 4
68 2
69 4
70 3
71 2
72 2
73 4
74 5
75 2
76 4
77 3
78 4
79 4
80 5
81 4
82 2
83 4
84 4
85 3
86 2
87 5
88 4
89 5
90 4
91 3
92 4
93 4
94 3
95 3
96 4
97 3
98 2
99 3
100 3
EOF 
