NAME : Leuven1_N25_b5
DIMENSION : 25
EDGE_WEIGHT_TYPE : EUC_2D  
NODE_COORD_SECTION  
0 700 1000
1 617 1227
2 605 820
3 889 1088
4 723 1262
5 1131 1161
6 730 1318
7 526 1226
8 992 1047
9 1085 909
10 697 1276
11 580 1576
12 1131 993
13 863 1169
14 901 629
15 731 1318
16 702 1147
17 759 1489
18 701 1595
19 711 1470
20 993 1183
21 588 1478
22 617 1611
23 448 1656
24 829 1726
DEMAND_SECTION  
0 0
1 2
2 3
3 1
4 3
5 1
6 1
7 2
8 1
9 1
10 1
11 1
12 2
13 1
14 1
15 1
16 3
17 2
18 1
19 3
20 1
21 1
22 2
23 1
24 3
SERVING_TIME_BY_THE_TRUCK 
0 0
1 4
2 4
3 4
4 4
5 2
6 3
7 3
8 3
9 3
10 4
11 2
12 3
13 4
14 5
15 3
16 2
17 5
18 5
19 5
20 3
21 5
22 3
23 3
24 4
EOF 
