NAME : Leuven1_N22_b4
DIMENSION : 22
EDGE_WEIGHT_TYPE : EUC_2D  
NODE_COORD_SECTION  
0 700 1000
1 619 1063
2 758 1163
3 655 1018
4 532 1203
5 819 1112
6 731 1115
7 566 1286
8 742 1532
9 881 784
10 669 1182
11 855 733
12 735 1306
13 891 775
14 533 1375
15 728 1251
16 708 1453
17 1166 1085
18 898 1250
19 999 1277
20 561 1688
21 846 1721
DEMAND_SECTION  
0 0
1 1
2 2
3 1
4 2
5 1
6 2
7 1
8 1
9 2
10 3
11 1
12 3
13 1
14 3
15 1
16 1
17 1
18 1
19 1
20 1
21 1
SERVING_TIME_BY_THE_TRUCK 
0 0
1 5
2 3
3 3
4 3
5 4
6 3
7 5
8 3
9 4
10 4
11 5
12 4
13 4
14 2
15 3
16 4
17 5
18 3
19 5
20 3
21 3
EOF 
