NAME : Leuven1_N22_b2
DIMENSION : 22
EDGE_WEIGHT_TYPE : EUC_2D  
NODE_COORD_SECTION  
0 700 1000
1 858 1029
2 581 1165
3 771 493
4 828 1286
5 590 1297
6 368 1440
7 761 1426
8 520 1070
9 680 1119
10 742 1319
11 750 1073
12 660 1243
13 622 870
14 546 1007
15 678 1004
16 695 1085
17 1125 1034
18 457 1534
19 507 1297
20 773 219
21 1005 1
DEMAND_SECTION  
0 0
1 1
2 1
3 1
4 2
5 1
6 3
7 2
8 3
9 1
10 1
11 3
12 3
13 2
14 1
15 1
16 2
17 1
18 2
19 1
20 1
21 1
SERVING_TIME_BY_THE_TRUCK 
0 0
1 3
2 5
3 2
4 2
5 3
6 2
7 4
8 4
9 5
10 3
11 4
12 5
13 3
14 4
15 2
16 2
17 4
18 4
19 3
20 3
21 3
EOF 
