NAME : Leuven1_N37_b1
DIMENSION : 37
EDGE_WEIGHT_TYPE : EUC_2D  
NODE_COORD_SECTION  
0 700 1000
1 812 1271
2 587 838
3 866 1103
4 768 1177
5 752 1160
6 599 1046
7 640 1238
8 742 1002
9 746 1387
10 403 1471
11 865 1368
12 1220 1028
13 693 1327
14 549 1462
15 604 1456
16 614 1343
17 627 1584
18 975 1295
19 660 890
20 650 1189
21 1066 780
22 575 1278
23 927 1188
24 629 1288
25 763 1216
26 729 1103
27 618 1532
28 641 1453
29 705 1117
30 566 1259
31 604 1191
32 863 1119
33 468 1571
34 518 274
35 138 1549
36 1194 655
DEMAND_SECTION  
0 0
1 1
2 1
3 2
4 3
5 3
6 1
7 3
8 2
9 1
10 2
11 1
12 1
13 1
14 2
15 2
16 2
17 3
18 3
19 1
20 1
21 2
22 1
23 1
24 1
25 2
26 2
27 1
28 1
29 2
30 1
31 1
32 1
33 1
34 2
35 2
36 2
SERVING_TIME_BY_THE_TRUCK 
0 0
1 5
2 2
3 4
4 3
5 3
6 4
7 4
8 4
9 4
10 4
11 2
12 3
13 4
14 2
15 3
16 5
17 2
18 4
19 5
20 5
21 3
22 3
23 3
24 3
25 3
26 2
27 4
28 4
29 4
30 3
31 3
32 2
33 2
34 4
35 2
36 2
EOF 
