NAME : Leuven1_N31_b1
DIMENSION : 31
EDGE_WEIGHT_TYPE : EUC_2D  
NODE_COORD_SECTION  
0 700 1000
1 552 985
2 815 1036
3 781 1242
4 599 883
5 534 1124
6 727 1271
7 658 1192
8 424 1285
9 590 1572
10 1183 1191
11 599 1046
12 583 1373
13 288 1131
14 846 1077
15 701 1548
16 972 1218
17 900 711
18 765 1342
19 581 1165
20 510 1390
21 1201 1255
22 475 1019
23 886 1277
24 1003 1451
25 484 1286
26 541 1269
27 1095 1023
28 941 177
29 941 1694
30 604 1631
DEMAND_SECTION  
0 0
1 1
2 1
3 1
4 3
5 3
6 1
7 1
8 1
9 1
10 2
11 1
12 1
13 2
14 1
15 1
16 1
17 3
18 1
19 1
20 1
21 1
22 3
23 1
24 1
25 3
26 1
27 2
28 1
29 2
30 3
SERVING_TIME_BY_THE_TRUCK 
0 0
1 4
2 3
3 2
4 4
5 2
6 4
7 3
8 4
9 4
10 3
11 3
12 4
13 3
14 4
15 5
16 2
17 4
18 2
19 2
20 5
21 4
22 4
23 4
24 3
25 3
26 5
27 2
28 3
29 4
30 2
EOF 
