NAME : Leuven1_N25_b2
DIMENSION : 25
EDGE_WEIGHT_TYPE : EUC_2D  
NODE_COORD_SECTION  
0 700 1000
1 766 1291
2 693 1230
3 583 1276
4 729 1514
5 695 1156
6 1097 1207
7 989 1389
8 761 1426
9 1185 967
10 898 1292
11 693 1118
12 598 1207
13 755 1132
14 394 1252
15 1256 1148
16 695 1237
17 730 1070
18 688 1192
19 1071 962
20 379 1309
21 682 1420
22 105 1530
23 826 1723
24 527 1583
DEMAND_SECTION  
0 0
1 1
2 3
3 1
4 2
5 2
6 1
7 1
8 2
9 1
10 1
11 3
12 1
13 3
14 1
15 1
16 1
17 1
18 2
19 3
20 2
21 1
22 1
23 2
24 2
SERVING_TIME_BY_THE_TRUCK 
0 0
1 5
2 3
3 4
4 5
5 4
6 3
7 5
8 2
9 4
10 3
11 4
12 3
13 4
14 4
15 4
16 3
17 4
18 5
19 3
20 4
21 3
22 4
23 4
24 4
EOF 
