NAME : Leuven1_N19_b1
DIMENSION : 19
EDGE_WEIGHT_TYPE : EUC_2D  
NODE_COORD_SECTION  
0 700 1000
1 821 1061
2 883 1224
3 1005 771
4 929 1279
5 806 1182
6 979 785
7 822 824
8 581 940
9 536 1356
10 585 1408
11 762 1035
12 560 1235
13 564 1340
14 629 1336
15 562 1548
16 1240 1031
17 802 364
18 114 1693
DEMAND_SECTION  
0 0
1 1
2 2
3 1
4 2
5 1
6 1
7 1
8 1
9 1
10 2
11 1
12 1
13 2
14 1
15 1
16 2
17 2
18 1
SERVING_TIME_BY_THE_TRUCK 
0 0
1 3
2 3
3 4
4 3
5 3
6 4
7 3
8 5
9 3
10 3
11 3
12 4
13 2
14 5
15 5
16 4
17 4
18 5
EOF 
