NAME : Leuven1_N28_b1
DIMENSION : 28
EDGE_WEIGHT_TYPE : EUC_2D  
NODE_COORD_SECTION  
0 700 1000
1 716 1096
2 721 1229
3 639 1199
4 821 1384
5 636 1360
6 658 1192
7 993 1267
8 733 1380
9 947 743
10 1138 824
11 574 964
12 919 1073
13 503 1473
14 536 1283
15 914 1060
16 1057 1035
17 766 1291
18 906 973
19 671 1289
20 470 1179
21 650 1189
22 375 1468
23 1159 803
24 244 1244
25 823 1777
26 1012 1755
27 624 378
DEMAND_SECTION  
0 0
1 1
2 3
3 2
4 1
5 2
6 1
7 1
8 1
9 2
10 1
11 3
12 2
13 3
14 1
15 3
16 1
17 1
18 2
19 1
20 1
21 1
22 1
23 1
24 1
25 3
26 1
27 1
SERVING_TIME_BY_THE_TRUCK 
0 0
1 4
2 3
3 2
4 3
5 3
6 5
7 3
8 4
9 5
10 5
11 3
12 4
13 2
14 4
15 3
16 4
17 3
18 5
19 2
20 3
21 3
22 4
23 4
24 3
25 5
26 4
27 5
EOF 
