NAME : Leuven1_N31_a4
DIMENSION : 31
EDGE_WEIGHT_TYPE : EUC_2D  
NODE_COORD_SECTION  
0 700 1000
1 895 1134
2 800 1133
3 682 1166
4 1085 1220
5 810 1227
6 707 1016
7 907 753
8 763 1108
9 909 1263
10 697 1008
11 845 1092
12 1222 1084
13 1017 1195
14 594 1042
15 632 1436
16 693 1185
17 765 1186
18 683 1593
19 280 1174
20 592 1329
21 472 1379
22 496 1164
23 650 1304
24 968 1377
25 987 1459
26 737 1273
27 513 1297
28 1045 1721
29 539 1737
30 1040 1778
DEMAND_SECTION  
0 0
1 3
2 1
3 1
4 2
5 3
6 1
7 2
8 1
9 3
10 1
11 1
12 1
13 1
14 1
15 1
16 1
17 1
18 1
19 1
20 3
21 2
22 1
23 2
24 1
25 1
26 2
27 2
28 3
29 1
30 3
SERVING_TIME_BY_THE_TRUCK 
0 0
1 3
2 2
3 4
4 4
5 2
6 3
7 5
8 3
9 2
10 2
11 4
12 3
13 4
14 2
15 5
16 4
17 4
18 2
19 5
20 5
21 3
22 4
23 5
24 2
25 3
26 4
27 5
28 5
29 2
30 2
EOF 
