NAME : Leuven1_N101_b2
DIMENSION : 101
EDGE_WEIGHT_TYPE : EUC_2D  
NODE_COORD_SECTION  
0 700 1000
1 845 1187
2 669 1182
3 539 1193
4 539 1101
5 768 1124
6 823 1183
7 675 1169
8 620 1266
9 679 1113
10 538 1178
11 543 1031
12 660 1289
13 618 1332
14 377 1328
15 698 1092
16 622 1188
17 697 1089
18 637 1062
19 431 1349
20 863 1293
21 424 1271
22 552 985
23 982 839
24 759 1256
25 684 935
26 249 1200
27 622 1346
28 826 1288
29 632 1493
30 993 1183
31 867 1290
32 443 1502
33 1036 1115
34 616 1162
35 1084 1086
36 668 1397
37 423 1172
38 646 1195
39 849 791
40 564 1137
41 562 1564
42 550 1459
43 596 1225
44 536 1148
45 812 1049
46 676 1216
47 702 1066
48 765 1136
49 486 1414
50 706 661
51 713 1406
52 807 1268
53 343 1167
54 597 1587
55 617 1486
56 428 1005
57 664 1267
58 854 1152
59 339 1293
60 970 1099
61 1097 1065
62 650 1189
63 723 1582
64 509 1191
65 963 1261
66 898 1081
67 249 1252
68 887 1002
69 858 1333
70 941 968
71 849 777
72 588 1458
73 518 1003
74 657 1171
75 987 737
76 482 1512
77 597 1420
78 835 1014
79 905 1259
80 320 1300
81 669 1183
82 1184 709
83 1125 1034
84 357 1433
85 575 1278
86 647 1312
87 648 1499
88 1138 1205
89 113 1584
90 926 190
91 107 1543
92 867 236
93 828 1751
94 589 210
95 613 318
96 72 1545
97 410 1657
98 467 169
99 796 292
100 420 1640
DEMAND_SECTION  
0 0
1 1
2 3
3 1
4 1
5 1
6 3
7 2
8 2
9 3
10 1
11 3
12 1
13 1
14 1
15 1
16 3
17 1
18 2
19 2
20 2
21 3
22 1
23 2
24 1
25 1
26 3
27 1
28 3
29 2
30 1
31 3
32 3
33 1
34 1
35 2
36 2
37 1
38 1
39 2
40 3
41 3
42 3
43 1
44 1
45 3
46 1
47 1
48 1
49 1
50 2
51 1
52 2
53 1
54 1
55 1
56 2
57 1
58 1
59 1
60 2
61 1
62 1
63 1
64 1
65 1
66 2
67 3
68 2
69 1
70 1
71 1
72 3
73 2
74 3
75 2
76 1
77 1
78 3
79 1
80 1
81 2
82 1
83 1
84 3
85 1
86 1
87 3
88 1
89 3
90 2
91 1
92 1
93 2
94 3
95 2
96 2
97 3
98 3
99 2
100 2
SERVING_TIME_BY_THE_TRUCK 
0 0
1 2
2 2
3 2
4 5
5 2
6 3
7 5
8 4
9 3
10 2
11 3
12 5
13 5
14 3
15 4
16 4
17 3
18 3
19 4
20 4
21 4
22 2
23 4
24 3
25 4
26 3
27 4
28 4
29 3
30 2
31 5
32 2
33 4
34 4
35 4
36 3
37 3
38 5
39 4
40 5
41 3
42 4
43 3
44 3
45 4
46 3
47 4
48 3
49 2
50 3
51 4
52 5
53 3
54 4
55 5
56 4
57 2
58 3
59 3
60 3
61 4
62 2
63 4
64 5
65 2
66 3
67 5
68 5
69 3
70 5
71 2
72 5
73 3
74 5
75 2
76 4
77 4
78 3
79 2
80 3
81 4
82 3
83 5
84 4
85 3
86 2
87 4
88 3
89 3
90 5
91 5
92 5
93 3
94 3
95 5
96 4
97 5
98 3
99 2
100 4
EOF 
