NAME : Leuven1_N301_c3
DIMENSION : 301
EDGE_WEIGHT_TYPE : EUC_2D  
NODE_COORD_SECTION  
0 700 1000
1 977 973
2 889 1046
3 610 1022
4 905 1196
5 583 785
6 669 1187
7 674 1112
8 788 744
9 819 1123
10 923 940
11 599 883
12 800 1080
13 604 1262
14 634 1172
15 595 1034
16 563 1185
17 597 838
18 473 1132
19 697 1008
20 630 1004
21 989 932
22 632 1178
23 616 1001
24 540 927
25 516 1104
26 765 1136
27 928 851
28 672 1092
29 644 901
30 594 1042
31 620 1092
32 691 1069
33 491 1121
34 736 1184
35 810 1227
36 562 1122
37 862 1208
38 697 1364
39 1017 741
40 947 743
41 536 1377
42 452 1298
43 497 1288
44 515 1379
45 730 1318
46 765 1492
47 374 1406
48 735 1306
49 713 1531
50 734 1523
51 979 1363
52 482 1486
53 258 1398
54 1095 1023
55 899 1329
56 687 1378
57 826 1531
58 583 1373
59 302 1164
60 920 1331
61 958 1385
62 863 1293
63 1061 1094
64 567 1346
65 614 1578
66 874 713
67 1101 990
68 729 1514
69 1097 1065
70 713 1406
71 457 1534
72 1050 1155
73 1244 1050
74 1026 833
75 1086 955
76 1115 705
77 1029 943
78 590 1572
79 707 1317
80 829 1295
81 1130 751
82 903 701
83 896 712
84 909 1370
85 1010 1257
86 751 1346
87 583 713
88 1131 1161
89 513 1348
90 1220 837
91 617 479
92 249 1200
93 1045 856
94 518 1141
95 767 1299
96 1026 1315
97 1256 1148
98 921 752
99 961 1222
100 331 1285
101 858 1124
102 463 1105
103 963 927
104 1007 623
105 867 1382
106 742 1178
107 661 1464
108 1031 1202
109 333 1136
110 613 1247
111 760 1171
112 674 1267
113 717 1148
114 647 1193
115 929 1139
116 1061 723
117 553 1556
118 646 1392
119 858 1048
120 768 1124
121 560 1554
122 669 903
123 742 1428
124 595 1152
125 443 1259
126 793 1308
127 709 1253
128 600 1200
129 986 1328
130 429 1139
131 980 1395
132 690 1492
133 520 1181
134 996 823
135 682 1303
136 624 1180
137 1168 983
138 664 921
139 490 1186
140 299 1165
141 554 1371
142 802 1342
143 644 1311
144 456 1046
145 597 1153
146 840 727
147 816 1248
148 567 1566
149 1016 1410
150 993 930
151 455 1295
152 550 1459
153 923 832
154 903 1074
155 882 1101
156 1047 1229
157 793 745
158 572 1438
159 695 1162
160 616 1202
161 588 1288
162 802 1169
163 620 1266
164 587 855
165 709 1289
166 818 1389
167 1093 1148
168 715 1017
169 1092 1043
170 436 1248
171 727 1267
172 569 672
173 592 1329
174 953 932
175 820 1063
176 778 1123
177 1043 1245
178 763 1142
179 590 1275
180 569 1285
181 817 1120
182 343 1167
183 614 1198
184 639 1258
185 1044 1396
186 1024 1042
187 640 1238
188 866 1446
189 336 1182
190 952 1020
191 837 1285
192 898 1292
193 738 1175
194 682 1420
195 1121 1151
196 966 1056
197 662 1488
198 568 1120
199 724 1171
200 1034 1381
201 676 1393
202 583 1513
203 888 1221
204 961 1199
205 1229 861
206 626 1002
207 330 1448
208 718 1223
209 979 1489
210 723 1081
211 674 1000
212 543 1031
213 726 1249
214 442 1363
215 812 1535
216 863 744
217 779 1371
218 578 1404
219 675 1082
220 790 1254
221 710 1151
222 686 1189
223 536 764
224 711 1173
225 650 1304
226 883 1055
227 454 1246
228 738 1074
229 529 1099
230 764 421
231 919 1115
232 698 1469
233 634 1351
234 685 1153
235 590 1232
236 595 1070
237 837 1266
238 684 1011
239 453 1329
240 692 1269
241 631 1205
242 549 1154
243 625 1041
244 566 1249
245 1163 979
246 533 1173
247 737 1031
248 645 1063
249 941 1262
250 1099 1072
251 694 1284
252 977 1204
253 577 1490
254 627 1351
255 907 753
256 618 1332
257 587 838
258 863 1169
259 399 1339
260 679 1118
261 905 1167
262 765 451
263 731 1418
264 229 1468
265 1194 655
266 1036 1891
267 951 1721
268 455 1574
269 833 327
270 585 1593
271 905 355
272 226 1403
273 448 1656
274 986 1680
275 416 1625
276 886 1795
277 577 383
278 1007 37
279 865 1845
280 617 1599
281 619 17
282 543 255
283 744 379
284 300 1682
285 1005 1839
286 567 330
287 666 391
288 1000 1570
289 844 108
290 613 318
291 441 169
292 872 260
293 548 220
294 1381 1253
295 1017 1629
296 116 1529
297 952 116
298 78 1547
299 711 167
300 572 1695
DEMAND_SECTION  
0 0 
1 3
2 1
3 1
4 2
5 2
6 1
7 2
8 2
9 2
10 3
11 3
12 1
13 1
14 2
15 1
16 1
17 1
18 2
19 1
20 1
21 1
22 2
23 2
24 1
25 1
26 1
27 2
28 1
29 3
30 1
31 2
32 1
33 1
34 1
35 3
36 1
37 1
38 2
39 2
40 2
41 1
42 1
43 2
44 1
45 1
46 1
47 1
48 3
49 2
50 2
51 1
52 3
53 1
54 2
55 3
56 1
57 1
58 1
59 3
60 3
61 2
62 2
63 3
64 2
65 2
66 1
67 1
68 2
69 1
70 1
71 2
72 2
73 1
74 2
75 1
76 2
77 3
78 1
79 1
80 2
81 1
82 1
83 1
84 1
85 2
86 3
87 3
88 1
89 1
90 3
91 2
92 3
93 2
94 1
95 1
96 1
97 1
98 1
99 1
100 1
101 3
102 3
103 2
104 3
105 1
106 1
107 1
108 1
109 2
110 1
111 1
112 2
113 1
114 2
115 1
116 1
117 1
118 2
119 2
120 1
121 3
122 2
123 1
124 1
125 1
126 2
127 1
128 2
129 1
130 1
131 1
132 1
133 1
134 2
135 2
136 2
137 1
138 3
139 1
140 2
141 1
142 1
143 1
144 1
145 3
146 1
147 1
148 2
149 2
150 3
151 2
152 3
153 3
154 1
155 1
156 3
157 2
158 1
159 1
160 2
161 3
162 3
163 2
164 1
165 1
166 1
167 1
168 3
169 2
170 2
171 1
172 1
173 3
174 3
175 3
176 1
177 3
178 1
179 2
180 1
181 1
182 1
183 2
184 2
185 1
186 2
187 3
188 2
189 1
190 1
191 1
192 1
193 3
194 1
195 1
196 1
197 3
198 1
199 2
200 1
201 1
202 1
203 2
204 3
205 1
206 2
207 1
208 1
209 1
210 1
211 2
212 3
213 1
214 3
215 2
216 2
217 1
218 1
219 1
220 2
221 2
222 1
223 1
224 2
225 2
226 3
227 1
228 2
229 1
230 3
231 1
232 3
233 1
234 1
235 2
236 1
237 2
238 3
239 1
240 3
241 1
242 3
243 2
244 1
245 1
246 1
247 1
248 2
249 1
250 2
251 1
252 1
253 1
254 2
255 2
256 1
257 1
258 1
259 2
260 3
261 1
262 1
263 1
264 3
265 2
266 2
267 1
268 2
269 1
270 3
271 1
272 2
273 1
274 2
275 3
276 1
277 3
278 1
279 1
280 2
281 1
282 1
283 1
284 1
285 2
286 2
287 1
288 1
289 1
290 2
291 2
292 3
293 1
294 2
295 1
296 2
297 1
298 1
299 2
300 1
SERVING_TIME_BY_THE_TRUCK 
0 0 
1 5
2 3
3 4
4 3
5 5
6 2
7 2
8 4
9 5
10 4
11 5
12 4
13 4
14 3
15 4
16 3
17 2
18 3
19 4
20 3
21 4
22 3
23 2
24 3
25 3
26 3
27 2
28 3
29 5
30 5
31 2
32 2
33 3
34 4
35 3
36 3
37 3
38 3
39 3
40 3
41 2
42 5
43 5
44 4
45 3
46 5
47 2
48 3
49 2
50 3
51 4
52 3
53 3
54 4
55 4
56 3
57 4
58 3
59 4
60 3
61 3
62 4
63 2
64 3
65 2
66 4
67 2
68 2
69 4
70 5
71 5
72 3
73 2
74 3
75 3
76 4
77 3
78 3
79 3
80 4
81 3
82 4
83 2
84 2
85 3
86 4
87 4
88 4
89 2
90 4
91 5
92 2
93 3
94 5
95 3
96 3
97 5
98 3
99 2
100 3
101 3
102 3
103 2
104 5
105 5
106 3
107 4
108 3
109 4
110 3
111 3
112 5
113 2
114 3
115 4
116 3
117 4
118 3
119 3
120 3
121 3
122 2
123 2
124 4
125 4
126 4
127 4
128 5
129 3
130 4
131 3
132 4
133 2
134 2
135 3
136 2
137 5
138 2
139 5
140 4
141 4
142 4
143 3
144 4
145 3
146 4
147 3
148 5
149 4
150 2
151 4
152 4
153 5
154 3
155 5
156 5
157 3
158 4
159 3
160 3
161 4
162 5
163 3
164 3
165 3
166 5
167 4
168 4
169 2
170 3
171 4
172 4
173 3
174 2
175 4
176 4
177 3
178 4
179 5
180 2
181 3
182 4
183 4
184 3
185 3
186 3
187 4
188 4
189 4
190 3
191 5
192 2
193 3
194 4
195 3
196 3
197 3
198 2
199 2
200 2
201 5
202 3
203 4
204 4
205 5
206 4
207 5
208 3
209 3
210 4
211 3
212 3
213 3
214 3
215 4
216 5
217 5
218 5
219 3
220 4
221 2
222 3
223 4
224 3
225 3
226 2
227 3
228 3
229 3
230 3
231 3
232 5
233 3
234 5
235 5
236 3
237 3
238 2
239 4
240 2
241 5
242 5
243 2
244 3
245 4
246 5
247 2
248 5
249 5
250 3
251 4
252 4
253 3
254 4
255 2
256 4
257 4
258 4
259 2
260 4
261 4
262 3
263 4
264 3
265 3
266 5
267 4
268 5
269 3
270 5
271 2
272 4
273 2
274 3
275 5
276 4
277 3
278 5
279 3
280 4
281 5
282 4
283 3
284 4
285 4
286 4
287 5
288 4
289 5
290 4
291 4
292 3
293 4
294 2
295 3
296 4
297 4
298 4
299 4
300 3
EOF 
