NAME : Leuven1_N25_c1
DIMENSION : 25
EDGE_WEIGHT_TYPE : EUC_2D  
NODE_COORD_SECTION  
0 700 1000
1 640 1238
2 690 1183
3 598 1207
4 821 1061
5 492 1559
6 880 1074
7 751 1109
8 473 1132
9 429 1139
10 296 1105
11 975 1271
12 880 1279
13 1168 983
14 541 1362
15 1043 1245
16 891 680
17 676 1557
18 1093 1148
19 665 1446
20 1080 1055
21 972 1354
22 914 1797
23 1037 1779
24 886 1876
DEMAND_SECTION  
0 0 
1 3
2 1
3 1
4 1
5 2
6 2
7 1
8 2
9 1
10 2
11 2
12 3
13 1
14 3
15 3
16 1
17 1
18 1
19 3
20 1
21 3
22 1
23 1
24 1
SERVING_TIME_BY_THE_TRUCK 
0 0 
1 2
2 3
3 2
4 2
5 3
6 2
7 3
8 3
9 3
10 5
11 3
12 2
13 4
14 5
15 4
16 2
17 3
18 2
19 5
20 2
21 4
22 4
23 4
24 4
EOF 
