NAME : Leuven1_N19_b3
DIMENSION : 19
EDGE_WEIGHT_TYPE : EUC_2D  
NODE_COORD_SECTION  
0 700 1000
1 675 1139
2 508 1138
3 747 1277
4 650 1137
5 224 1346
6 614 1578
7 617 1282
8 520 1181
9 1164 1028
10 604 1191
11 627 1351
12 562 1022
13 1176 1188
14 541 1362
15 302 1164
16 616 1162
17 567 367
18 226 1403
DEMAND_SECTION  
0 0
1 1
2 2
3 2
4 2
5 2
6 2
7 1
8 1
9 1
10 1
11 2
12 1
13 1
14 3
15 3
16 2
17 2
18 2
SERVING_TIME_BY_THE_TRUCK 
0 0
1 3
2 5
3 4
4 5
5 5
6 4
7 4
8 2
9 4
10 4
11 4
12 2
13 4
14 3
15 4
16 4
17 4
18 3
EOF 
