NAME : Leuven1_N22_a2
DIMENSION : 22
EDGE_WEIGHT_TYPE : EUC_2D  
NODE_COORD_SECTION  
0 700 1000
1 858 1029
2 581 1165
3 1125 1034
4 750 1073
5 660 1243
6 546 1007
7 678 1004
8 368 1440
9 520 1070
10 680 1119
11 590 1297
12 622 870
13 507 1297
14 695 1085
15 771 493
16 761 1426
17 828 1286
18 457 1534
19 742 1319
20 773 219
21 1005 1
DEMAND_SECTION  
0 0
1 1
2 1
3 1
4 3
5 3
6 1
7 1
8 3
9 3
10 1
11 1
12 2
13 1
14 2
15 1
16 2
17 2
18 2
19 1
20 1
21 1
SERVING_TIME_BY_THE_TRUCK 
0 0
1 3
2 5
3 4
4 4
5 5
6 4
7 2
8 2
9 4
10 5
11 3
12 3
13 3
14 2
15 2
16 4
17 2
18 4
19 3
20 3
21 3
EOF 
