NAME : Leuven1_N19_c3
DIMENSION : 19
EDGE_WEIGHT_TYPE : EUC_2D  
NODE_COORD_SECTION  
0 700 1000
1 675 1139
2 508 1138
3 224 1346
4 614 1578
5 617 1282
6 302 1164
7 520 1181
8 747 1277
9 616 1162
10 1164 1028
11 650 1137
12 604 1191
13 627 1351
14 562 1022
15 1176 1188
16 541 1362
17 567 367
18 226 1403
DEMAND_SECTION  
0 0 
1 1
2 2
3 2
4 2
5 1
6 3
7 1
8 2
9 2
10 1
11 2
12 1
13 2
14 1
15 1
16 3
17 2
18 2
SERVING_TIME_BY_THE_TRUCK 
0 0 
1 3
2 5
3 5
4 4
5 4
6 4
7 2
8 4
9 4
10 4
11 5
12 4
13 4
14 2
15 4
16 3
17 4
18 3
EOF 
