NAME : Leuven1_N37_c4
DIMENSION : 37
EDGE_WEIGHT_TYPE : EUC_2D  
NODE_COORD_SECTION  
0 700 1000
1 728 1104
2 631 1135
3 508 929
4 471 1158
5 830 1568
6 1206 1085
7 919 1250
8 693 1444
9 560 1554
10 394 1444
11 270 1346
12 779 1371
13 706 661
14 702 1066
15 868 1277
16 557 994
17 607 1228
18 583 1276
19 600 1200
20 1139 1186
21 760 1171
22 658 1192
23 849 1367
24 814 1107
25 821 1208
26 513 1194
27 561 1029
28 467 1305
29 484 1286
30 479 1456
31 1198 1020
32 750 1207
33 806 363
34 393 1674
35 790 349
36 891 374
DEMAND_SECTION  
0 0 
1 1
2 2
3 2
4 1
5 1
6 1
7 2
8 2
9 3
10 2
11 2
12 1
13 2
14 1
15 2
16 1
17 3
18 1
19 2
20 1
21 1
22 1
23 1
24 1
25 2
26 1
27 2
28 1
29 3
30 2
31 1
32 3
33 1
34 3
35 1
36 3
SERVING_TIME_BY_THE_TRUCK 
0 0 
1 2
2 5
3 4
4 4
5 4
6 4
7 3
8 5
9 4
10 4
11 4
12 4
13 2
14 4
15 3
16 4
17 4
18 2
19 4
20 3
21 5
22 3
23 5
24 3
25 3
26 4
27 4
28 4
29 4
30 4
31 3
32 2
33 3
34 3
35 2
36 3
EOF 
