NAME : Leuven1_N25_b3
DIMENSION : 25
EDGE_WEIGHT_TYPE : EUC_2D  
NODE_COORD_SECTION  
0 700 1000
1 821 1254
2 698 1248
3 885 1205
4 690 1131
5 616 1259
6 856 1356
7 703 1517
8 654 1305
9 986 1328
10 734 1387
11 707 1016
12 854 1001
13 858 1048
14 1001 1219
15 639 1018
16 1002 1360
17 671 1199
18 742 1141
19 970 1270
20 766 1287
21 919 1115
22 597 248
23 961 142
24 1078 1890
DEMAND_SECTION  
0 0
1 3
2 3
3 3
4 3
5 1
6 1
7 1
8 1
9 1
10 1
11 1
12 1
13 2
14 2
15 1
16 1
17 1
18 2
19 3
20 1
21 1
22 3
23 2
24 2
SERVING_TIME_BY_THE_TRUCK 
0 0
1 3
2 4
3 5
4 4
5 5
6 3
7 2
8 3
9 3
10 4
11 5
12 3
13 4
14 3
15 4
16 3
17 2
18 2
19 4
20 4
21 3
22 4
23 4
24 4
EOF 
