NAME : Leuven1_N201_b3
DIMENSION : 201
EDGE_WEIGHT_TYPE : EUC_2D  
NODE_COORD_SECTION  
0 700 1000
1 624 958
2 672 1092
3 848 758
4 500 1161
5 728 1104
6 894 773
7 768 1124
8 546 1067
9 763 1142
10 621 1086
11 464 1159
12 821 1208
13 866 1157
14 844 1069
15 622 1243
16 679 1154
17 898 1045
18 631 1140
19 633 1213
20 989 1011
21 865 767
22 708 1159
23 857 1072
24 600 1257
25 630 1004
26 870 679
27 482 1486
28 515 1382
29 669 903
30 693 1327
31 725 1175
32 823 1183
33 881 1185
34 997 1211
35 591 966
36 454 1237
37 796 1217
38 781 1242
39 702 1147
40 249 1200
41 372 1441
42 919 1073
43 918 1173
44 926 1124
45 561 1029
46 898 1141
47 847 1139
48 472 1379
49 663 1535
50 503 1133
51 594 1338
52 277 1280
53 212 1247
54 676 1557
55 431 1349
56 978 1394
57 995 1488
58 891 680
59 895 1134
60 560 1554
61 641 1540
62 483 1066
63 893 766
64 581 1555
65 726 1177
66 697 1306
67 765 1342
68 675 1100
69 681 1047
70 977 973
71 747 1277
72 714 1327
73 669 1289
74 322 1252
75 1007 1217
76 901 1281
77 936 1160
78 751 1109
79 1072 1179
80 729 1514
81 601 1292
82 1170 1142
83 807 1268
84 636 909
85 457 1534
86 857 1319
87 1029 943
88 693 1103
89 471 1067
90 713 1399
91 665 1398
92 405 1442
93 1188 1004
94 632 1436
95 949 1231
96 932 962
97 690 1492
98 545 1430
99 847 1048
100 268 1400
101 631 1135
102 738 1435
103 495 1086
104 553 1312
105 431 1176
106 500 1285
107 993 1065
108 532 1097
109 717 1148
110 768 1177
111 341 1307
112 302 1164
113 534 1110
114 250 1377
115 1014 1276
116 716 1150
117 583 1405
118 674 932
119 1007 847
120 884 1069
121 646 1195
122 558 1500
123 1198 1020
124 822 740
125 420 1168
126 749 1285
127 1017 741
128 481 1172
129 527 1186
130 396 1377
131 510 1394
132 569 1519
133 837 791
134 550 1124
135 709 1581
136 420 1121
137 844 1288
138 654 1239
139 765 1270
140 651 1383
141 622 1272
142 757 1283
143 381 1242
144 1076 1131
145 861 911
146 734 1387
147 1180 956
148 674 1105
149 972 1354
150 1057 1072
151 606 418
152 821 1384
153 837 1289
154 939 1266
155 1057 1035
156 338 1278
157 617 1486
158 1201 1255
159 525 1376
160 443 1259
161 881 1337
162 961 1010
163 305 1123
164 698 1092
165 793 1308
166 1031 911
167 858 1333
168 1159 1076
169 515 1561
170 536 1377
171 457 1138
172 587 1090
173 634 1254
174 982 1159
175 591 1264
176 1039 1626
177 1026 1882
178 969 1695
179 1130 1458
180 1011 1877
181 604 1631
182 902 132
183 982 1713
184 536 1603
185 479 1562
186 1008 1840
187 499 1665
188 1007 1736
189 363 1596
190 1044 1702
191 165 1347
192 560 166
193 902 159
194 303 1679
195 561 1688
196 986 1757
197 373 1699
198 597 1640
199 730 280
200 406 1620
DEMAND_SECTION  
0 0
1 1
2 1
3 1
4 2
5 1
6 1
7 1
8 2
9 1
10 3
11 2
12 2
13 3
14 2
15 1
16 3
17 1
18 1
19 3
20 2
21 3
22 3
23 1
24 3
25 1
26 1
27 3
28 3
29 2
30 1
31 1
32 3
33 2
34 2
35 2
36 3
37 1
38 1
39 3
40 3
41 2
42 2
43 2
44 2
45 2
46 3
47 2
48 2
49 1
50 1
51 2
52 1
53 1
54 1
55 2
56 3
57 1
58 1
59 3
60 3
61 2
62 3
63 1
64 3
65 1
66 1
67 1
68 2
69 2
70 3
71 2
72 1
73 1
74 1
75 1
76 1
77 2
78 1
79 1
80 2
81 2
82 1
83 2
84 1
85 2
86 2
87 3
88 1
89 3
90 1
91 1
92 1
93 3
94 1
95 2
96 1
97 1
98 1
99 2
100 3
101 2
102 3
103 1
104 1
105 2
106 1
107 3
108 2
109 1
110 3
111 2
112 3
113 2
114 1
115 3
116 3
117 1
118 2
119 2
120 2
121 1
122 2
123 1
124 2
125 1
126 1
127 2
128 1
129 1
130 2
131 1
132 2
133 1
134 1
135 3
136 3
137 3
138 1
139 1
140 2
141 1
142 1
143 1
144 1
145 1
146 1
147 1
148 2
149 3
150 1
151 1
152 1
153 3
154 3
155 1
156 1
157 1
158 1
159 2
160 1
161 3
162 2
163 1
164 1
165 2
166 3
167 1
168 3
169 3
170 1
171 1
172 1
173 1
174 1
175 1
176 1
177 1
178 1
179 1
180 1
181 3
182 1
183 1
184 1
185 1
186 3
187 3
188 2
189 1
190 2
191 3
192 2
193 1
194 1
195 1
196 3
197 1
198 3
199 1
200 3
SERVING_TIME_BY_THE_TRUCK 
0 0
1 2
2 4
3 3
4 3
5 2
6 5
7 3
8 2
9 3
10 5
11 2
12 2
13 5
14 3
15 4
16 4
17 3
18 5
19 2
20 4
21 4
22 3
23 4
24 5
25 3
26 2
27 4
28 4
29 4
30 2
31 3
32 4
33 4
34 3
35 5
36 2
37 5
38 3
39 4
40 4
41 3
42 2
43 3
44 4
45 4
46 2
47 4
48 4
49 3
50 2
51 2
52 4
53 3
54 4
55 5
56 4
57 2
58 3
59 4
60 3
61 4
62 3
63 3
64 2
65 4
66 3
67 4
68 4
69 3
70 4
71 4
72 2
73 2
74 4
75 2
76 3
77 3
78 4
79 2
80 4
81 3
82 3
83 4
84 3
85 3
86 2
87 5
88 4
89 4
90 4
91 3
92 4
93 3
94 5
95 3
96 4
97 4
98 5
99 3
100 4
101 4
102 4
103 2
104 4
105 2
106 2
107 4
108 2
109 5
110 4
111 4
112 3
113 5
114 3
115 4
116 3
117 4
118 4
119 3
120 2
121 3
122 5
123 2
124 3
125 5
126 3
127 3
128 2
129 2
130 4
131 4
132 3
133 5
134 4
135 3
136 2
137 5
138 5
139 4
140 5
141 4
142 4
143 4
144 3
145 4
146 2
147 3
148 4
149 4
150 2
151 3
152 3
153 4
154 2
155 5
156 4
157 4
158 4
159 2
160 4
161 3
162 3
163 4
164 3
165 4
166 2
167 3
168 5
169 4
170 3
171 3
172 3
173 3
174 3
175 4
176 4
177 4
178 3
179 2
180 4
181 3
182 2
183 3
184 3
185 5
186 3
187 5
188 4
189 2
190 4
191 3
192 5
193 2
194 2
195 4
196 3
197 4
198 4
199 5
200 4
EOF 
