NAME : Leuven1_N25_a3
DIMENSION : 25
EDGE_WEIGHT_TYPE : EUC_2D  
NODE_COORD_SECTION  
0 700 1000
1 821 1254
2 698 1248
3 885 1205
4 690 1131
5 707 1016
6 858 1048
7 639 1018
8 671 1199
9 856 1356
10 703 1517
11 986 1328
12 854 1001
13 1002 1360
14 919 1115
15 742 1141
16 970 1270
17 654 1305
18 734 1387
19 1001 1219
20 766 1287
21 616 1259
22 597 248
23 961 142
24 1078 1890
DEMAND_SECTION  
0 0
1 3
2 3
3 3
4 3
5 1
6 2
7 1
8 1
9 1
10 1
11 1
12 1
13 1
14 1
15 2
16 3
17 1
18 1
19 2
20 1
21 1
22 3
23 2
24 2
SERVING_TIME_BY_THE_TRUCK 
0 0
1 3
2 4
3 5
4 4
5 5
6 4
7 4
8 2
9 3
10 2
11 3
12 3
13 3
14 3
15 2
16 4
17 3
18 4
19 3
20 4
21 5
22 4
23 4
24 4
EOF 
