NAME : Leuven1_N301_a5
DIMENSION : 301
EDGE_WEIGHT_TYPE : EUC_2D  
NODE_COORD_SECTION  
0 700 1000
1 591 966
2 595 1213
3 468 1130
4 625 1052
5 718 1158
6 674 1267
7 654 1291
8 934 1001
9 735 1138
10 577 1094
11 490 1186
12 756 1183
13 660 1266
14 759 1277
15 562 1250
16 452 1116
17 562 1080
18 790 1254
19 689 802
20 585 1180
21 716 1150
22 677 1192
23 951 1042
24 711 1133
25 895 1134
26 948 922
27 903 1074
28 552 1005
29 754 1250
30 788 1044
31 546 1067
32 627 1169
33 776 1194
34 619 1147
35 819 1262
36 626 1124
37 634 1172
38 893 766
39 1086 955
40 409 1221
41 707 1317
42 581 1330
43 709 1443
44 749 1299
45 870 679
46 632 1411
47 1076 1131
48 881 1337
49 922 1425
50 1198 1020
51 662 1165
52 683 1078
53 845 1092
54 832 1160
55 724 1171
56 735 1101
57 763 1142
58 618 1265
59 973 962
60 455 1156
61 1153 956
62 767 1299
63 812 1362
64 729 1265
65 944 1196
66 639 946
67 664 921
68 686 1375
69 718 1100
70 656 641
71 709 1289
72 622 1188
73 980 1324
74 738 1058
75 849 742
76 815 1036
77 904 1112
78 681 1182
79 518 1003
80 596 1382
81 600 1011
82 1124 1172
83 475 1481
84 431 1349
85 898 1081
86 819 1092
87 826 1196
88 665 1398
89 598 1322
90 681 1047
91 768 1210
92 305 1123
93 651 1383
94 884 1070
95 812 1271
96 616 1202
97 627 1047
98 840 1029
99 465 1143
100 468 1115
101 891 775
102 1183 1191
103 888 1004
104 480 1316
105 688 1192
106 837 1289
107 997 1211
108 454 1237
109 539 1101
110 742 1428
111 1084 1156
112 718 1223
113 627 1584
114 765 451
115 1012 1254
116 585 1284
117 886 1289
118 1061 1094
119 1186 1071
120 900 711
121 379 1309
122 641 1453
123 425 1349
124 697 1449
125 369 1452
126 779 1371
127 1192 1295
128 617 479
129 884 1190
130 602 1017
131 690 1046
132 519 1252
133 895 1258
134 381 1242
135 724 1282
136 660 1243
137 621 1496
138 453 1012
139 663 1387
140 709 1177
141 647 1193
142 703 1145
143 525 1376
144 909 1370
145 633 1213
146 421 1185
147 556 1232
148 635 1135
149 1031 1202
150 442 1363
151 539 1382
152 695 1013
153 720 1299
154 1177 697
155 1012 1402
156 536 1377
157 726 1135
158 847 1282
159 872 1170
160 745 1233
161 590 924
162 580 1204
163 891 1268
164 430 1134
165 861 702
166 734 1544
167 1017 1246
168 468 1241
169 605 820
170 583 1091
171 749 1597
172 654 937
173 604 924
174 704 1148
175 814 833
176 770 1284
177 616 1164
178 921 752
179 457 1138
180 892 780
181 777 1188
182 576 1569
183 418 1303
184 717 1258
185 842 1308
186 1220 1028
187 706 661
188 764 567
189 617 1377
190 405 1442
191 644 1370
192 1159 696
193 287 1118
194 758 592
195 624 1504
196 993 1267
197 589 1418
198 977 1204
199 472 1379
200 765 1305
201 1093 1153
202 989 1389
203 659 1158
204 491 1237
205 211 1341
206 492 1412
207 374 1406
208 322 1252
209 302 1243
210 529 1099
211 867 1418
212 990 780
213 424 1108
214 1001 1219
215 550 1124
216 697 1533
217 840 727
218 1185 967
219 896 1348
220 1174 982
221 587 855
222 1170 1142
223 976 1385
224 1092 1043
225 710 1508
226 1034 1381
227 735 1524
228 949 1285
229 853 691
230 277 1320
231 436 1248
232 244 1244
233 1085 909
234 1071 1421
235 876 1270
236 617 1282
237 263 1391
238 437 1383
239 539 1392
240 628 1579
241 1130 751
242 588 1478
243 589 1537
244 900 1034
245 675 1568
246 919 1250
247 611 1358
248 829 1261
249 1014 841
250 826 1531
251 576 1261
252 1042 1201
253 701 1323
254 575 1278
255 522 1519
256 729 557
257 1231 759
258 1014 1295
259 1138 824
260 603 1341
261 452 1532
262 886 1224
263 842 1316
264 1007 1736
265 499 108
266 382 1562
267 771 370
268 1143 1484
269 289 1505
270 314 1646
271 825 1731
272 49 1586
273 229 1392
274 594 1615
275 1009 1601
276 359 1665
277 784 1815
278 942 116
279 794 235
280 912 1727
281 917 150
282 1031 1776
283 826 384
284 1338 1139
285 1026 1882
286 816 1769
287 716 249
288 322 1611
289 329 1617
290 1047 1609
291 309 1503
292 1036 1891
293 79 1508
294 605 56
295 982 1713
296 287 1483
297 551 255
298 1045 1721
299 389 1616
300 571 231
DEMAND_SECTION  
0 0
1 2
2 2
3 2
4 1
5 3
6 2
7 1
8 1
9 3
10 2
11 1
12 3
13 1
14 1
15 2
16 3
17 1
18 2
19 1
20 3
21 3
22 3
23 1
24 1
25 3
26 2
27 1
28 3
29 3
30 1
31 2
32 1
33 3
34 3
35 3
36 1
37 1
38 1
39 1
40 3
41 1
42 2
43 1
44 2
45 1
46 2
47 1
48 3
49 2
50 1
51 1
52 1
53 1
54 1
55 2
56 1
57 1
58 2
59 2
60 3
61 1
62 1
63 1
64 1
65 2
66 1
67 3
68 1
69 3
70 2
71 1
72 3
73 3
74 2
75 1
76 1
77 2
78 3
79 2
80 2
81 3
82 1
83 3
84 2
85 2
86 1
87 1
88 1
89 1
90 2
91 2
92 1
93 2
94 2
95 1
96 2
97 2
98 1
99 3
100 3
101 1
102 2
103 3
104 2
105 2
106 3
107 2
108 3
109 1
110 1
111 2
112 1
113 3
114 1
115 2
116 2
117 3
118 3
119 2
120 3
121 2
122 1
123 2
124 1
125 2
126 1
127 2
128 2
129 1
130 1
131 3
132 1
133 2
134 1
135 2
136 3
137 2
138 1
139 2
140 1
141 2
142 3
143 2
144 1
145 3
146 1
147 3
148 3
149 1
150 3
151 1
152 1
153 1
154 1
155 2
156 1
157 1
158 3
159 3
160 3
161 1
162 2
163 2
164 2
165 1
166 1
167 2
168 2
169 3
170 1
171 2
172 2
173 1
174 2
175 1
176 2
177 3
178 1
179 1
180 2
181 1
182 3
183 1
184 1
185 2
186 1
187 2
188 3
189 2
190 1
191 1
192 1
193 1
194 3
195 3
196 1
197 3
198 1
199 2
200 1
201 1
202 1
203 1
204 3
205 2
206 1
207 1
208 1
209 2
210 1
211 2
212 2
213 1
214 2
215 1
216 1
217 1
218 1
219 1
220 1
221 1
222 1
223 2
224 2
225 2
226 1
227 2
228 3
229 3
230 2
231 2
232 1
233 1
234 1
235 1
236 1
237 3
238 1
239 2
240 2
241 1
242 1
243 2
244 1
245 3
246 2
247 1
248 2
249 1
250 1
251 3
252 3
253 2
254 1
255 3
256 1
257 2
258 2
259 1
260 3
261 2
262 2
263 1
264 2
265 3
266 2
267 1
268 2
269 1
270 3
271 3
272 3
273 1
274 3
275 1
276 1
277 3
278 1
279 2
280 1
281 3
282 1
283 2
284 2
285 1
286 1
287 1
288 3
289 1
290 1
291 2
292 2
293 1
294 1
295 1
296 2
297 1
298 3
299 1
300 2
SERVING_TIME_BY_THE_TRUCK 
0 0
1 2
2 3
3 3
4 3
5 3
6 5
7 4
8 3
9 2
10 3
11 2
12 5
13 2
14 3
15 2
16 2
17 4
18 4
19 3
20 3
21 3
22 3
23 2
24 3
25 4
26 5
27 5
28 4
29 4
30 4
31 2
32 3
33 2
34 3
35 5
36 4
37 3
38 5
39 2
40 3
41 2
42 3
43 4
44 3
45 4
46 3
47 5
48 2
49 3
50 3
51 4
52 5
53 4
54 5
55 2
56 2
57 3
58 4
59 5
60 4
61 3
62 4
63 4
64 3
65 3
66 4
67 5
68 2
69 2
70 2
71 3
72 4
73 3
74 4
75 2
76 4
77 4
78 3
79 4
80 3
81 3
82 4
83 3
84 2
85 4
86 5
87 4
88 5
89 4
90 4
91 3
92 4
93 4
94 4
95 3
96 4
97 2
98 5
99 4
100 4
101 2
102 5
103 3
104 5
105 4
106 4
107 3
108 4
109 4
110 4
111 3
112 4
113 5
114 5
115 4
116 3
117 4
118 4
119 2
120 3
121 3
122 4
123 4
124 5
125 3
126 3
127 4
128 3
129 3
130 5
131 3
132 4
133 4
134 3
135 3
136 5
137 4
138 5
139 4
140 4
141 3
142 3
143 4
144 5
145 4
146 3
147 3
148 4
149 5
150 3
151 4
152 5
153 2
154 3
155 3
156 4
157 3
158 2
159 4
160 5
161 5
162 4
163 3
164 4
165 5
166 5
167 4
168 3
169 3
170 3
171 3
172 3
173 4
174 4
175 4
176 4
177 2
178 2
179 4
180 2
181 4
182 3
183 3
184 3
185 3
186 2
187 4
188 5
189 5
190 4
191 4
192 3
193 5
194 2
195 3
196 4
197 4
198 3
199 5
200 3
201 4
202 4
203 4
204 5
205 4
206 3
207 4
208 4
209 3
210 3
211 5
212 5
213 3
214 2
215 4
216 2
217 3
218 3
219 3
220 4
221 5
222 3
223 3
224 3
225 3
226 3
227 3
228 3
229 2
230 5
231 4
232 5
233 2
234 4
235 4
236 3
237 3
238 5
239 3
240 3
241 4
242 5
243 3
244 4
245 4
246 3
247 2
248 3
249 4
250 5
251 5
252 5
253 3
254 3
255 4
256 2
257 3
258 3
259 4
260 3
261 5
262 5
263 3
264 5
265 3
266 3
267 4
268 4
269 4
270 3
271 3
272 5
273 4
274 3
275 3
276 3
277 3
278 3
279 2
280 2
281 3
282 4
283 2
284 2
285 5
286 3
287 2
288 4
289 4
290 3
291 3
292 3
293 5
294 5
295 3
296 4
297 4
298 4
299 5
300 3
EOF 
