NAME : Leuven1_N34_a4
DIMENSION : 34
EDGE_WEIGHT_TYPE : EUC_2D  
NODE_COORD_SECTION  
0 700 1000
1 933 960
2 826 1196
3 925 920
4 583 898
5 1031 912
6 935 1368
7 758 1184
8 719 1159
9 665 1129
10 619 1112
11 844 955
12 804 1065
13 396 1474
14 977 1318
15 604 1424
16 717 1148
17 869 626
18 753 1552
19 1166 1112
20 293 1127
21 629 1288
22 919 1379
23 659 1398
24 863 744
25 678 1512
26 627 1584
27 925 1333
28 1168 731
29 503 1473
30 270 1442
31 614 207
32 933 144
33 982 1713
DEMAND_SECTION  
0 0
1 1
2 1
3 1
4 2
5 3
6 1
7 3
8 2
9 2
10 3
11 1
12 1
13 1
14 2
15 1
16 1
17 1
18 1
19 1
20 1
21 1
22 1
23 1
24 2
25 1
26 3
27 3
28 3
29 3
30 1
31 2
32 1
33 1
SERVING_TIME_BY_THE_TRUCK 
0 0
1 4
2 5
3 3
4 3
5 2
6 3
7 4
8 4
9 4
10 3
11 4
12 5
13 3
14 3
15 4
16 3
17 4
18 5
19 2
20 2
21 4
22 2
23 4
24 3
25 4
26 4
27 4
28 3
29 4
30 2
31 5
32 3
33 4
EOF 
