NAME : Leuven1_N22_a3
DIMENSION : 22
EDGE_WEIGHT_TYPE : EUC_2D  
NODE_COORD_SECTION  
0 700 1000
1 538 1178
2 798 1248
3 532 1220
4 645 1229
5 862 1208
6 503 1325
7 974 923
8 1020 1355
9 624 958
10 527 1003
11 744 1521
12 638 1329
13 545 1430
14 875 650
15 1070 1234
16 491 985
17 367 1201
18 242 1372
19 410 1383
20 403 1599
21 784 333
DEMAND_SECTION  
0 0
1 1
2 2
3 2
4 1
5 1
6 1
7 2
8 1
9 1
10 3
11 2
12 2
13 1
14 1
15 1
16 3
17 1
18 1
19 1
20 2
21 1
SERVING_TIME_BY_THE_TRUCK 
0 0
1 3
2 2
3 3
4 4
5 3
6 4
7 2
8 3
9 2
10 3
11 3
12 5
13 3
14 3
15 5
16 2
17 5
18 5
19 4
20 3
21 2
EOF 
