NAME : Leuven1_N201_c5
DIMENSION : 201
EDGE_WEIGHT_TYPE : EUC_2D  
NODE_COORD_SECTION  
0 700 1000
1 834 752
2 739 1030
3 627 1232
4 679 1175
5 617 1227
6 595 1070
7 970 943
8 768 1285
9 908 1202
10 600 972
11 655 1232
12 825 1092
13 452 1116
14 831 1061
15 736 1184
16 658 1280
17 581 1246
18 597 1153
19 840 1264
20 621 1086
21 481 1172
22 693 1103
23 493 1176
24 829 1261
25 752 1160
26 284 1368
27 944 1196
28 645 667
29 533 1375
30 926 1414
31 767 1579
32 999 1277
33 601 1292
34 968 1377
35 713 1406
36 596 1587
37 1052 1184
38 338 1371
39 1183 1191
40 958 1385
41 914 1296
42 387 1217
43 1148 697
44 693 1327
45 485 1399
46 941 974
47 377 1284
48 653 1450
49 857 1319
50 730 1070
51 858 1048
52 650 1055
53 767 1299
54 676 1527
55 827 1063
56 553 1576
57 702 1345
58 690 1273
59 900 1373
60 914 1152
61 568 1134
62 960 920
63 536 1283
64 1092 1043
65 784 1245
66 659 1214
67 599 883
68 1014 1295
69 326 1303
70 636 1513
71 1010 1296
72 697 1364
73 379 1309
74 858 1187
75 1082 764
76 359 1208
77 601 1219
78 1003 1294
79 754 1250
80 823 1303
81 688 1436
82 1097 1207
83 801 1097
84 1085 909
85 519 1252
86 963 1261
87 513 1237
88 919 1032
89 579 1392
90 708 1520
91 1015 1218
92 653 1275
93 793 1277
94 288 1131
95 545 1430
96 624 958
97 464 1199
98 664 1105
99 644 1202
100 632 1178
101 929 1139
102 966 1056
103 702 1140
104 632 1179
105 443 1259
106 637 1071
107 850 1027
108 951 1071
109 716 1048
110 626 1111
111 693 1145
112 1045 856
113 840 1282
114 669 1183
115 844 1496
116 580 1465
117 702 1198
118 632 1411
119 672 1092
120 764 421
121 224 1346
122 851 1252
123 641 1188
124 552 1005
125 268 1400
126 446 1223
127 874 1079
128 1042 1201
129 776 1194
130 698 1248
131 1025 1254
132 583 1405
133 628 1112
134 989 1011
135 683 1103
136 212 1247
137 604 1195
138 768 1177
139 569 1110
140 749 1597
141 611 1283
142 1031 1202
143 758 592
144 542 1372
145 655 1096
146 995 1488
147 1097 1065
148 602 1017
149 619 1112
150 508 1413
151 371 1109
152 869 626
153 807 1230
154 595 1192
155 1192 1089
156 1005 1447
157 1017 1076
158 923 1320
159 1070 1188
160 616 1380
161 660 1065
162 687 1201
163 707 1284
164 572 1179
165 914 1373
166 654 937
167 747 901
168 660 1282
169 812 1362
170 969 1084
171 639 1121
172 651 1084
173 616 1202
174 962 1097
175 597 1587
176 389 1616
177 1115 1832
178 840 100
179 560 166
180 1050 1876
181 873 243
182 649 274
183 505 1581
184 831 1840
185 935 103
186 924 180
187 371 1644
188 633 398
189 933 144
190 501 91
191 914 1797
192 499 108
193 569 49
194 1037 1760
195 1340 922
196 898 277
197 315 1641
198 806 363
199 768 361
200 814 1797
DEMAND_SECTION  
0 0 
1 2
2 1
3 3
4 1
5 2
6 1
7 1
8 2
9 3
10 3
11 1
12 1
13 3
14 1
15 1
16 2
17 1
18 3
19 1
20 3
21 1
22 1
23 3
24 2
25 3
26 1
27 2
28 2
29 3
30 1
31 3
32 1
33 2
34 1
35 1
36 1
37 1
38 2
39 2
40 2
41 2
42 1
43 1
44 1
45 1
46 1
47 2
48 2
49 2
50 1
51 2
52 1
53 1
54 1
55 3
56 2
57 1
58 1
59 3
60 1
61 3
62 2
63 1
64 2
65 3
66 3
67 3
68 2
69 1
70 2
71 3
72 2
73 2
74 1
75 1
76 2
77 1
78 2
79 3
80 3
81 1
82 1
83 3
84 1
85 1
86 1
87 2
88 2
89 1
90 2
91 2
92 3
93 1
94 2
95 1
96 1
97 1
98 1
99 2
100 2
101 1
102 1
103 1
104 1
105 1
106 2
107 2
108 1
109 2
110 1
111 1
112 2
113 2
114 2
115 1
116 1
117 1
118 2
119 1
120 3
121 2
122 2
123 3
124 3
125 3
126 1
127 1
128 3
129 3
130 3
131 2
132 1
133 1
134 2
135 1
136 1
137 2
138 3
139 1
140 2
141 1
142 1
143 3
144 2
145 2
146 1
147 1
148 1
149 3
150 2
151 2
152 1
153 3
154 2
155 1
156 1
157 1
158 1
159 1
160 1
161 3
162 1
163 1
164 1
165 2
166 2
167 1
168 3
169 1
170 2
171 3
172 1
173 2
174 2
175 1
176 1
177 1
178 1
179 2
180 2
181 2
182 3
183 3
184 1
185 1
186 1
187 1
188 1
189 1
190 1
191 1
192 3
193 2
194 2
195 2
196 2
197 1
198 1
199 2
200 1
SERVING_TIME_BY_THE_TRUCK 
0 0 
1 2
2 3
3 3
4 5
5 3
6 2
7 5
8 3
9 4
10 3
11 4
12 2
13 3
14 2
15 5
16 2
17 3
18 5
19 2
20 2
21 4
22 4
23 4
24 4
25 3
26 3
27 5
28 3
29 5
30 3
31 4
32 3
33 4
34 2
35 3
36 3
37 3
38 4
39 4
40 2
41 5
42 3
43 2
44 2
45 3
46 4
47 3
48 5
49 2
50 3
51 3
52 4
53 4
54 4
55 5
56 4
57 4
58 4
59 4
60 5
61 3
62 3
63 5
64 4
65 3
66 4
67 4
68 4
69 3
70 5
71 4
72 4
73 2
74 5
75 3
76 2
77 3
78 2
79 4
80 5
81 3
82 3
83 4
84 3
85 2
86 5
87 5
88 2
89 4
90 4
91 4
92 2
93 4
94 2
95 3
96 3
97 4
98 5
99 3
100 5
101 5
102 4
103 5
104 3
105 3
106 4
107 4
108 2
109 2
110 3
111 3
112 5
113 4
114 2
115 4
116 5
117 4
118 5
119 2
120 4
121 3
122 2
123 2
124 5
125 5
126 3
127 3
128 3
129 3
130 2
131 4
132 2
133 5
134 3
135 4
136 3
137 5
138 3
139 3
140 3
141 4
142 4
143 2
144 4
145 2
146 3
147 5
148 2
149 4
150 5
151 2
152 3
153 5
154 4
155 3
156 4
157 4
158 3
159 2
160 4
161 4
162 4
163 4
164 4
165 2
166 4
167 3
168 3
169 4
170 4
171 4
172 2
173 5
174 3
175 5
176 5
177 4
178 4
179 5
180 3
181 3
182 4
183 4
184 2
185 4
186 3
187 3
188 2
189 3
190 3
191 4
192 5
193 4
194 4
195 4
196 3
197 5
198 3
199 2
200 4
EOF 
