NAME : Leuven1_N37_c3
DIMENSION : 37
EDGE_WEIGHT_TYPE : EUC_2D  
NODE_COORD_SECTION  
0 700 1000
1 662 1109
2 784 1245
3 529 1021
4 536 764
5 1172 925
6 888 706
7 1185 1186
8 1042 1435
9 475 1014
10 714 1327
11 655 1134
12 1115 1424
13 620 1266
14 425 1212
15 587 1090
16 742 1319
17 1229 861
18 1045 1339
19 732 1260
20 618 1532
21 617 479
22 1056 1158
23 459 1216
24 604 1424
25 796 1145
26 455 1295
27 1188 1004
28 882 741
29 828 1342
30 924 1292
31 905 1167
32 1071 962
33 916 1778
34 601 232
35 316 1468
36 814 1773
DEMAND_SECTION  
0 0 
1 2
2 3
3 2
4 1
5 2
6 1
7 3
8 2
9 3
10 1
11 1
12 2
13 2
14 2
15 1
16 1
17 1
18 1
19 3
20 1
21 2
22 1
23 2
24 1
25 1
26 2
27 3
28 1
29 1
30 3
31 1
32 3
33 2
34 1
35 3
36 1
SERVING_TIME_BY_THE_TRUCK 
0 0 
1 4
2 2
3 5
4 5
5 2
6 2
7 4
8 4
9 3
10 5
11 3
12 2
13 3
14 3
15 5
16 4
17 2
18 4
19 2
20 4
21 4
22 3
23 4
24 5
25 4
26 3
27 4
28 3
29 3
30 4
31 2
32 3
33 4
34 3
35 5
36 3
EOF 
