NAME : Leuven1_N37_c1
DIMENSION : 37
EDGE_WEIGHT_TYPE : EUC_2D  
NODE_COORD_SECTION  
0 700 1000
1 812 1271
2 587 838
3 866 1103
4 768 1177
5 403 1471
6 865 1368
7 1220 1028
8 693 1327
9 549 1462
10 641 1453
11 604 1456
12 614 1343
13 627 1584
14 975 1295
15 660 890
16 650 1189
17 705 1117
18 1066 780
19 575 1278
20 927 1188
21 629 1288
22 763 1216
23 729 1103
24 752 1160
25 599 1046
26 640 1238
27 618 1532
28 742 1002
29 566 1259
30 604 1191
31 746 1387
32 863 1119
33 468 1571
34 518 274
35 138 1549
36 1194 655
DEMAND_SECTION  
0 0 
1 1
2 1
3 2
4 3
5 2
6 1
7 1
8 1
9 2
10 1
11 2
12 2
13 3
14 3
15 1
16 1
17 2
18 2
19 1
20 1
21 1
22 2
23 2
24 3
25 1
26 3
27 1
28 2
29 1
30 1
31 1
32 1
33 1
34 2
35 2
36 2
SERVING_TIME_BY_THE_TRUCK 
0 0 
1 5
2 2
3 4
4 3
5 4
6 2
7 3
8 4
9 2
10 4
11 3
12 5
13 2
14 4
15 5
16 5
17 4
18 3
19 3
20 3
21 3
22 3
23 2
24 3
25 4
26 4
27 4
28 4
29 3
30 3
31 4
32 2
33 2
34 4
35 2
36 2
EOF 
