NAME : Leuven1_N201_c4
DIMENSION : 201
EDGE_WEIGHT_TYPE : EUC_2D  
NODE_COORD_SECTION  
0 700 1000
1 798 1169
2 527 1003
3 512 1007
4 654 1239
5 781 1220
6 738 1136
7 776 1194
8 742 1002
9 729 1265
10 919 905
11 568 1134
12 475 1014
13 501 1148
14 811 1152
15 700 1109
16 702 1109
17 644 901
18 439 1126
19 728 1104
20 856 997
21 901 787
22 715 1186
23 580 1172
24 776 1253
25 737 1222
26 676 1447
27 399 1339
28 577 1490
29 331 1285
30 213 1226
31 308 1381
32 1061 1094
33 1138 824
34 934 1375
35 678 1430
36 687 1378
37 906 1231
38 586 1345
39 867 1290
40 714 1368
41 788 569
42 765 1449
43 740 1339
44 1118 722
45 444 1313
46 716 1317
47 898 657
48 749 1299
49 850 1027
50 288 1131
51 739 1325
52 814 1372
53 660 1355
54 857 639
55 1082 1141
56 578 1304
57 734 1275
58 721 1227
59 870 1032
60 878 976
61 1022 1293
62 708 1453
63 961 1222
64 496 1164
65 475 1481
66 763 1142
67 1126 940
68 423 1172
69 805 1082
70 1166 1112
71 358 1284
72 693 1094
73 928 1184
74 634 1201
75 845 1092
76 604 1191
77 601 996
78 772 1286
79 689 802
80 1120 1073
81 510 1390
82 978 1394
83 550 1459
84 611 1065
85 481 1172
86 677 1196
87 970 1214
88 387 1217
89 511 1283
90 626 1111
91 707 1467
92 564 1441
93 695 1156
94 349 1192
95 659 1214
96 962 1097
97 913 1045
98 744 1030
99 490 1186
100 793 1189
101 689 1148
102 886 770
103 638 1245
104 465 1143
105 313 1187
106 728 1138
107 613 1214
108 593 1215
109 549 1154
110 583 1229
111 751 1268
112 753 1544
113 610 1022
114 651 1356
115 864 1382
116 762 1035
117 959 1248
118 649 1130
119 667 1490
120 647 1008
121 1010 1257
122 298 1129
123 835 1159
124 620 1497
125 480 1354
126 993 1065
127 801 1264
128 1086 955
129 865 767
130 1166 1085
131 1012 795
132 644 1370
133 242 1385
134 690 1428
135 636 1513
136 871 1226
137 546 1067
138 567 1264
139 618 1265
140 529 1021
141 648 1499
142 508 1413
143 944 1196
144 459 1216
145 580 941
146 541 1055
147 1131 993
148 735 1294
149 485 1399
150 810 1227
151 958 1374
152 698 644
153 707 1284
154 788 744
155 578 1184
156 688 1577
157 866 1446
158 630 1189
159 553 1576
160 533 1375
161 607 1341
162 734 1387
163 872 764
164 1197 954
165 929 1139
166 503 1027
167 920 1105
168 426 1122
169 1070 1188
170 506 1082
171 570 1378
172 359 1208
173 970 1352
174 886 1277
175 634 1171
176 180 1570
177 558 105
178 1019 1681
179 954 1721
180 612 1659
181 270 1442
182 569 1793
183 829 1726
184 868 1765
185 718 347
186 1072 1866
187 958 47
188 80 1518
189 865 1845
190 470 1589
191 428 1610
192 1031 1641
193 312 1624
194 353 1626
195 543 1720
196 151 1553
197 133 1531
198 581 284
199 1037 1760
200 601 232
DEMAND_SECTION  
0 0 
1 3
2 3
3 1
4 1
5 1
6 3
7 3
8 2
9 1
10 1
11 3
12 3
13 2
14 2
15 3
16 1
17 3
18 1
19 1
20 1
21 1
22 2
23 1
24 1
25 3
26 1
27 2
28 1
29 1
30 1
31 1
32 3
33 1
34 3
35 2
36 1
37 3
38 2
39 3
40 1
41 2
42 2
43 3
44 2
45 1
46 1
47 1
48 2
49 2
50 2
51 1
52 1
53 1
54 1
55 1
56 2
57 2
58 2
59 3
60 1
61 1
62 1
63 1
64 1
65 3
66 1
67 1
68 1
69 1
70 1
71 1
72 2
73 1
74 3
75 1
76 1
77 2
78 1
79 1
80 1
81 1
82 3
83 3
84 1
85 1
86 1
87 1
88 1
89 1
90 1
91 2
92 2
93 2
94 3
95 3
96 2
97 2
98 2
99 1
100 3
101 3
102 1
103 1
104 3
105 2
106 1
107 1
108 3
109 3
110 1
111 2
112 1
113 1
114 1
115 1
116 1
117 2
118 2
119 1
120 1
121 2
122 1
123 3
124 1
125 1
126 3
127 3
128 1
129 3
130 1
131 2
132 1
133 1
134 1
135 2
136 3
137 2
138 2
139 2
140 2
141 3
142 2
143 2
144 2
145 1
146 1
147 2
148 1
149 1
150 3
151 3
152 1
153 1
154 2
155 3
156 3
157 2
158 1
159 2
160 3
161 1
162 1
163 1
164 1
165 1
166 1
167 1
168 2
169 1
170 3
171 3
172 2
173 3
174 1
175 2
176 2
177 3
178 2
179 1
180 3
181 1
182 1
183 3
184 1
185 2
186 1
187 1
188 1
189 1
190 2
191 1
192 1
193 2
194 2
195 1
196 2
197 3
198 3
199 2
200 1
SERVING_TIME_BY_THE_TRUCK 
0 0 
1 4
2 2
3 3
4 4
5 2
6 5
7 3
8 3
9 2
10 4
11 3
12 3
13 5
14 5
15 2
16 4
17 3
18 3
19 4
20 2
21 3
22 2
23 4
24 5
25 3
26 3
27 4
28 3
29 3
30 4
31 4
32 3
33 3
34 4
35 5
36 4
37 3
38 4
39 3
40 5
41 5
42 3
43 4
44 4
45 2
46 4
47 3
48 4
49 4
50 4
51 5
52 3
53 4
54 4
55 2
56 4
57 3
58 3
59 2
60 2
61 5
62 2
63 5
64 3
65 4
66 4
67 3
68 5
69 3
70 3
71 4
72 4
73 2
74 4
75 3
76 5
77 3
78 4
79 5
80 2
81 3
82 2
83 4
84 3
85 3
86 4
87 3
88 4
89 4
90 3
91 5
92 4
93 5
94 5
95 3
96 2
97 4
98 4
99 3
100 4
101 4
102 4
103 3
104 3
105 3
106 2
107 4
108 3
109 4
110 3
111 3
112 3
113 3
114 4
115 4
116 3
117 3
118 4
119 2
120 4
121 3
122 3
123 2
124 5
125 3
126 4
127 3
128 4
129 4
130 5
131 4
132 3
133 2
134 3
135 3
136 5
137 4
138 4
139 3
140 3
141 3
142 3
143 2
144 2
145 3
146 2
147 2
148 3
149 4
150 3
151 2
152 4
153 3
154 2
155 4
156 3
157 4
158 3
159 3
160 3
161 3
162 5
163 3
164 3
165 4
166 3
167 3
168 3
169 3
170 4
171 4
172 3
173 2
174 4
175 3
176 5
177 4
178 4
179 3
180 4
181 2
182 4
183 2
184 4
185 4
186 4
187 3
188 4
189 5
190 4
191 4
192 3
193 4
194 5
195 4
196 4
197 3
198 4
199 2
200 3
EOF 
