NAME : Leuven1_N28_a3
DIMENSION : 28
EDGE_WEIGHT_TYPE : EUC_2D  
NODE_COORD_SECTION  
0 700 1000
1 658 1280
2 455 1156
3 697 1276
4 636 1360
5 893 768
6 590 1232
7 906 1105
8 662 1488
9 863 1290
10 674 1105
11 320 1352
12 468 1115
13 658 852
14 558 1500
15 524 1081
16 851 1252
17 682 1303
18 236 1299
19 613 1441
20 1231 759
21 616 1573
22 616 1164
23 671 1144
24 513 1297
25 996 1867
26 770 1784
27 496 1233
DEMAND_SECTION  
0 0
1 2
2 3
3 1
4 2
5 1
6 2
7 1
8 3
9 1
10 2
11 1
12 3
13 2
14 2
15 1
16 2
17 2
18 1
19 1
20 2
21 2
22 3
23 1
24 2
25 1
26 1
27 1
SERVING_TIME_BY_THE_TRUCK 
0 0
1 3
2 5
3 3
4 3
5 3
6 5
7 4
8 4
9 3
10 5
11 3
12 5
13 5
14 4
15 3
16 3
17 3
18 4
19 3
20 3
21 2
22 3
23 2
24 3
25 4
26 5
27 3
EOF 
