NAME : Leuven1_N19_a1
DIMENSION : 19
EDGE_WEIGHT_TYPE : EUC_2D  
NODE_COORD_SECTION  
0 700 1000
1 821 1061
2 883 1224
3 806 1182
4 979 785
5 762 1035
6 564 1340
7 1005 771
8 822 824
9 581 940
10 585 1408
11 1240 1031
12 629 1336
13 536 1356
14 929 1279
15 562 1548
16 560 1235
17 802 364
18 114 1693
DEMAND_SECTION  
0 0
1 1
2 2
3 1
4 1
5 1
6 2
7 1
8 1
9 1
10 2
11 2
12 1
13 1
14 2
15 1
16 1
17 2
18 1
SERVING_TIME_BY_THE_TRUCK 
0 0
1 3
2 3
3 3
4 4
5 3
6 2
7 4
8 3
9 5
10 3
11 4
12 5
13 3
14 3
15 5
16 4
17 4
18 5
EOF 
