NAME : Leuven1_N31_a5
DIMENSION : 31
EDGE_WEIGHT_TYPE : EUC_2D  
NODE_COORD_SECTION  
0 700 1000
1 704 1005
2 634 1201
3 560 1145
4 660 1355
5 1164 1028
6 431 1263
7 702 1345
8 1084 1156
9 681 1136
10 626 1339
11 866 1210
12 1168 731
13 861 911
14 605 1558
15 728 1104
16 604 1424
17 513 1297
18 461 1305
19 599 1190
20 313 1187
21 515 1281
22 854 1330
23 399 1339
24 569 672
25 562 1373
26 468 1241
27 763 1319
28 618 338
29 77 1563
30 359 1665
DEMAND_SECTION  
0 0
1 1
2 3
3 1
4 1
5 1
6 1
7 1
8 2
9 1
10 1
11 2
12 3
13 1
14 1
15 1
16 1
17 2
18 1
19 2
20 2
21 2
22 1
23 2
24 1
25 2
26 2
27 3
28 1
29 1
30 1
SERVING_TIME_BY_THE_TRUCK 
0 0
1 5
2 3
3 4
4 2
5 2
6 4
7 3
8 5
9 4
10 5
11 5
12 3
13 4
14 3
15 3
16 4
17 2
18 5
19 3
20 2
21 4
22 5
23 4
24 4
25 3
26 3
27 4
28 3
29 3
30 5
EOF 
