NAME : Leuven1_N28_b5
DIMENSION : 28
EDGE_WEIGHT_TYPE : EUC_2D  
NODE_COORD_SECTION  
0 700 1000
1 566 1249
2 500 1161
3 613 1002
4 799 1212
5 1015 1218
6 734 1544
7 629 1336
8 901 787
9 665 1191
10 767 1579
11 730 1318
12 844 1496
13 749 1299
14 880 1074
15 582 1167
16 1108 1008
17 865 1268
18 692 1161
19 676 1216
20 420 1121
21 928 1184
22 567 1566
23 801 1128
24 743 1375
25 883 1718
26 18 1764
27 1115 1832
DEMAND_SECTION  
0 0
1 1
2 2
3 3
4 1
5 2
6 1
7 1
8 1
9 1
10 3
11 1
12 1
13 2
14 2
15 1
16 2
17 2
18 2
19 1
20 3
21 1
22 2
23 1
24 1
25 2
26 1
27 1
SERVING_TIME_BY_THE_TRUCK 
0 0
1 2
2 3
3 4
4 5
5 3
6 3
7 2
8 3
9 4
10 3
11 4
12 2
13 2
14 5
15 3
16 4
17 2
18 2
19 4
20 4
21 4
22 4
23 3
24 2
25 3
26 3
27 2
EOF 
