NAME : Leuven1_N25_c4
DIMENSION : 25
EDGE_WEIGHT_TYPE : EUC_2D  
NODE_COORD_SECTION  
0 700 1000
1 581 1196
2 631 1135
3 457 1138
4 609 1437
5 676 1447
6 575 1289
7 1139 1186
8 602 1287
9 678 1021
10 854 1001
11 822 740
12 1159 1076
13 298 1135
14 439 1275
15 574 964
16 670 1117
17 644 1370
18 627 1341
19 849 1367
20 817 1180
21 866 1395
22 1021 1775
23 612 1659
24 1023 170
DEMAND_SECTION  
0 0 
1 3
2 2
3 1
4 1
5 1
6 1
7 1
8 2
9 1
10 1
11 2
12 3
13 1
14 3
15 3
16 1
17 1
18 2
19 1
20 3
21 1
22 1
23 3
24 3
SERVING_TIME_BY_THE_TRUCK 
0 0 
1 3
2 4
3 4
4 4
5 5
6 4
7 3
8 3
9 5
10 4
11 2
12 4
13 4
14 4
15 4
16 4
17 4
18 3
19 4
20 4
21 3
22 4
23 3
24 4
EOF 
