NAME : Leuven1_N201_a2
DIMENSION : 201
EDGE_WEIGHT_TYPE : EUC_2D  
NODE_COORD_SECTION  
0 700 1000
1 681 1280
2 697 1008
3 851 1252
4 704 1005
5 685 1153
6 450 1155
7 652 1163
8 684 1011
9 847 1048
10 859 929
11 691 1069
12 742 1141
13 731 1140
14 599 883
15 770 1284
16 898 1141
17 839 1222
18 472 1047
19 686 1279
20 729 1103
21 729 1069
22 693 1185
23 671 1289
24 659 1214
25 884 1069
26 914 1296
27 405 1442
28 513 1237
29 286 1303
30 1113 757
31 980 1324
32 1084 1156
33 933 1170
34 741 1208
35 823 1276
36 852 1026
37 545 1198
38 471 1044
39 906 1105
40 1043 930
41 673 1280
42 961 759
43 814 1372
44 849 791
45 728 1251
46 660 1289
47 990 780
48 473 1132
49 688 1010
50 634 1103
51 726 1135
52 765 1449
53 921 949
54 690 1046
55 491 985
56 632 1059
57 496 1233
58 506 1082
59 338 1371
60 986 1220
61 739 1030
62 652 940
63 805 1082
64 863 1119
65 527 1186
66 590 1232
67 651 1453
68 788 1271
69 468 1351
70 804 1065
71 728 1183
72 656 641
73 583 785
74 648 1499
75 599 1221
76 1047 1353
77 689 1353
78 956 1307
79 1005 1090
80 672 1343
81 399 1339
82 1031 1202
83 729 557
84 708 1453
85 861 1286
86 486 1278
87 669 1404
88 888 1351
89 742 1428
90 472 1379
91 349 1192
92 788 744
93 663 1387
94 770 1242
95 496 1171
96 911 1328
97 1045 856
98 721 1229
99 224 1292
100 709 1177
101 900 1197
102 611 1282
103 600 1129
104 1034 1018
105 747 1059
106 431 1176
107 987 737
108 725 1193
109 765 451
110 308 1381
111 681 1136
112 823 1183
113 562 1122
114 672 1092
115 855 733
116 891 1188
117 566 1249
118 617 613
119 742 1178
120 713 1406
121 510 1265
122 627 990
123 1085 760
124 1153 956
125 679 1175
126 589 1418
127 1188 1108
128 419 1183
129 330 1448
130 910 1280
131 1019 1292
132 1249 835
133 727 1307
134 378 1447
135 456 1046
136 867 1290
137 443 1395
138 1012 752
139 614 1343
140 661 1464
141 420 1121
142 972 1218
143 431 1275
144 765 1342
145 693 1145
146 688 1376
147 1185 1186
148 482 1013
149 1061 723
150 1229 861
151 768 1374
152 870 616
153 970 1017
154 583 1372
155 1168 983
156 381 1242
157 935 1368
158 690 1477
159 924 1209
160 616 1202
161 747 1384
162 738 1435
163 919 1218
164 902 1270
165 775 1315
166 345 1283
167 626 1339
168 468 1285
169 320 1300
170 263 1391
171 793 1308
172 687 1213
173 505 1247
174 268 1400
175 471 1332
176 548 220
177 833 327
178 868 1765
179 357 1607
180 867 236
181 606 215
182 790 1888
183 949 1755
184 979 1703
185 853 1739
186 373 1591
187 772 1742
188 536 276
189 779 1826
190 948 1755
191 902 265
192 606 326
193 995 1720
194 1281 1201
195 543 1678
196 1269 1222
197 1012 1653
198 229 1392
199 535 244
200 180 1570
DEMAND_SECTION  
0 0
1 3
2 1
3 2
4 1
5 1
6 3
7 1
8 3
9 2
10 2
11 1
12 2
13 2
14 3
15 2
16 3
17 1
18 2
19 2
20 2
21 1
22 1
23 1
24 3
25 2
26 2
27 1
28 2
29 1
30 2
31 3
32 2
33 2
34 1
35 1
36 3
37 1
38 3
39 1
40 2
41 1
42 1
43 1
44 2
45 1
46 1
47 2
48 2
49 1
50 1
51 1
52 2
53 2
54 3
55 3
56 2
57 1
58 3
59 1
60 1
61 1
62 1
63 1
64 1
65 1
66 2
67 2
68 3
69 2
70 1
71 3
72 2
73 2
74 3
75 1
76 3
77 3
78 2
79 1
80 1
81 2
82 1
83 1
84 1
85 1
86 1
87 2
88 3
89 1
90 2
91 3
92 2
93 2
94 1
95 3
96 1
97 2
98 3
99 2
100 1
101 2
102 2
103 3
104 1
105 2
106 2
107 2
108 2
109 1
110 1
111 1
112 3
113 1
114 1
115 1
116 3
117 1
118 1
119 1
120 1
121 1
122 3
123 1
124 1
125 1
126 3
127 1
128 3
129 1
130 2
131 2
132 2
133 3
134 1
135 1
136 3
137 1
138 1
139 2
140 1
141 3
142 1
143 1
144 1
145 1
146 2
147 3
148 2
149 1
150 1
151 2
152 1
153 1
154 3
155 1
156 1
157 1
158 3
159 1
160 2
161 2
162 3
163 1
164 1
165 1
166 2
167 1
168 1
169 1
170 3
171 2
172 3
173 1
174 3
175 2
176 1
177 1
178 1
179 1
180 1
181 2
182 1
183 1
184 2
185 2
186 2
187 2
188 2
189 1
190 1
191 3
192 2
193 1
194 2
195 1
196 1
197 3
198 1
199 1
200 2
SERVING_TIME_BY_THE_TRUCK 
0 0
1 2
2 4
3 3
4 4
5 5
6 3
7 3
8 3
9 5
10 3
11 4
12 3
13 3
14 2
15 2
16 4
17 3
18 4
19 2
20 4
21 3
22 4
23 2
24 4
25 3
26 5
27 3
28 5
29 3
30 2
31 3
32 4
33 4
34 2
35 3
36 4
37 4
38 4
39 3
40 4
41 3
42 4
43 3
44 3
45 2
46 2
47 4
48 3
49 5
50 4
51 5
52 3
53 3
54 4
55 4
56 3
57 5
58 5
59 2
60 5
61 2
62 2
63 5
64 3
65 4
66 3
67 3
68 3
69 2
70 4
71 3
72 5
73 4
74 4
75 3
76 2
77 3
78 4
79 5
80 3
81 4
82 2
83 3
84 5
85 3
86 4
87 2
88 5
89 2
90 5
91 3
92 5
93 3
94 5
95 4
96 3
97 3
98 4
99 3
100 3
101 4
102 3
103 3
104 4
105 4
106 3
107 3
108 4
109 4
110 5
111 3
112 2
113 4
114 5
115 2
116 2
117 2
118 3
119 2
120 5
121 2
122 4
123 5
124 4
125 5
126 3
127 3
128 3
129 4
130 5
131 5
132 4
133 4
134 2
135 3
136 4
137 3
138 2
139 3
140 4
141 2
142 3
143 4
144 3
145 5
146 5
147 3
148 3
149 4
150 2
151 4
152 4
153 3
154 2
155 5
156 3
157 3
158 4
159 5
160 3
161 3
162 2
163 4
164 2
165 5
166 4
167 5
168 5
169 4
170 2
171 4
172 3
173 2
174 2
175 2
176 4
177 4
178 5
179 4
180 2
181 3
182 4
183 4
184 4
185 3
186 4
187 3
188 3
189 3
190 4
191 3
192 5
193 4
194 3
195 3
196 3
197 3
198 5
199 2
200 4
EOF 
