NAME : Leuven1_N25_c2
DIMENSION : 25
EDGE_WEIGHT_TYPE : EUC_2D  
NODE_COORD_SECTION  
0 700 1000
1 766 1291
2 693 1230
3 583 1276
4 1071 962
5 379 1309
6 729 1514
7 989 1389
8 761 1426
9 1185 967
10 898 1292
11 693 1118
12 598 1207
13 755 1132
14 394 1252
15 1256 1148
16 682 1420
17 695 1156
18 695 1237
19 730 1070
20 1097 1207
21 688 1192
22 105 1530
23 826 1723
24 527 1583
DEMAND_SECTION  
0 0 
1 1
2 3
3 1
4 3
5 2
6 2
7 1
8 2
9 1
10 1
11 3
12 1
13 3
14 1
15 1
16 1
17 2
18 1
19 1
20 1
21 2
22 1
23 2
24 2
SERVING_TIME_BY_THE_TRUCK 
0 0 
1 5
2 3
3 4
4 3
5 4
6 5
7 5
8 2
9 4
10 3
11 4
12 3
13 4
14 4
15 4
16 3
17 4
18 3
19 4
20 3
21 5
22 4
23 4
24 4
EOF 
