NAME : Leuven1_N201_b1
DIMENSION : 201
EDGE_WEIGHT_TYPE : EUC_2D  
NODE_COORD_SECTION  
0 700 1000
1 562 1122
2 941 968
3 684 1011
4 632 1059
5 671 1112
6 742 1002
7 759 1256
8 526 1138
9 760 1177
10 590 883
11 951 1020
12 660 1104
13 490 1186
14 727 1267
15 903 792
16 872 764
17 919 1073
18 882 773
19 520 1235
20 851 1252
21 595 1192
22 895 1134
23 718 1128
24 733 1259
25 697 1008
26 846 1077
27 691 1183
28 759 1277
29 678 1021
30 479 1456
31 482 1068
32 634 1080
33 812 1271
34 674 932
35 819 1123
36 660 1169
37 564 1137
38 1072 1179
39 468 1285
40 632 1178
41 914 1296
42 843 1165
43 632 1047
44 735 1294
45 682 1303
46 591 966
47 681 1330
48 562 1373
49 513 1237
50 737 1279
51 702 1345
52 563 1560
53 731 1418
54 244 1244
55 471 1356
56 1186 1071
57 224 1292
58 889 704
59 408 1479
60 1176 871
61 597 1587
62 1130 751
63 609 1437
64 731 1559
65 1082 1141
66 461 1305
67 280 1174
68 555 1228
69 697 1198
70 769 1547
71 737 1031
72 594 1181
73 976 1385
74 674 1267
75 515 964
76 654 1239
77 1159 696
78 711 1470
79 587 1116
80 739 572
81 637 1071
82 827 1259
83 758 1326
84 914 1060
85 1024 1042
86 1017 1076
87 515 1382
88 755 1132
89 747 1384
90 878 1142
91 924 1484
92 881 1390
93 619 1147
94 669 1404
95 948 922
96 819 1262
97 929 1279
98 585 1364
99 669 1182
100 1075 757
101 358 1284
102 1066 780
103 916 1073
104 628 1374
105 763 1142
106 1070 1188
107 791 765
108 961 1199
109 806 1182
110 607 938
111 658 982
112 1033 1239
113 828 1342
114 674 1000
115 1014 841
116 1019 1093
117 923 832
118 567 1346
119 655 1096
120 431 1349
121 842 1374
122 888 1221
123 898 1062
124 671 1094
125 541 1362
126 729 1069
127 857 1173
128 396 1377
129 462 1126
130 589 1563
131 887 1002
132 213 1226
133 708 1124
134 863 1169
135 616 1259
136 679 1175
137 772 1031
138 731 1143
139 890 788
140 504 1351
141 1019 1292
142 1049 1469
143 1141 1213
144 1020 1025
145 586 1312
146 632 1411
147 960 920
148 456 1014
149 627 1351
150 480 1354
151 644 1311
152 319 1332
153 522 1519
154 458 1282
155 625 1165
156 651 1303
157 339 1293
158 858 727
159 758 1184
160 979 1489
161 689 1353
162 378 1447
163 865 1368
164 539 1392
165 1115 1424
166 513 1201
167 1076 765
168 578 1300
169 367 1201
170 500 1285
171 662 1488
172 613 1247
173 1101 1218
174 1192 1089
175 866 1395
176 711 167
177 1155 1504
178 1395 1067
179 492 215
180 779 1826
181 1150 1469
182 453 1589
183 938 92
184 1012 1778
185 618 338
186 1340 922
187 1022 109
188 992 178
189 308 1638
190 807 1791
191 609 356
192 990 156
193 1029 1781
194 505 1581
195 105 1530
196 1019 1681
197 893 321
198 1310 796
199 867 236
200 970 1673
DEMAND_SECTION  
0 0
1 1
2 1
3 3
4 2
5 2
6 2
7 1
8 1
9 2
10 3
11 3
12 3
13 1
14 1
15 3
16 1
17 2
18 3
19 3
20 2
21 2
22 3
23 1
24 1
25 2
26 1
27 2
28 1
29 1
30 2
31 1
32 1
33 1
34 2
35 2
36 2
37 3
38 1
39 1
40 2
41 2
42 1
43 2
44 1
45 2
46 2
47 3
48 2
49 2
50 2
51 1
52 3
53 1
54 1
55 1
56 2
57 2
58 1
59 1
60 3
61 1
62 1
63 1
64 3
65 1
66 1
67 1
68 2
69 2
70 1
71 1
72 1
73 2
74 2
75 2
76 1
77 1
78 3
79 1
80 1
81 2
82 1
83 2
84 3
85 2
86 1
87 3
88 3
89 2
90 1
91 1
92 2
93 3
94 2
95 2
96 3
97 2
98 3
99 3
100 2
101 1
102 2
103 1
104 1
105 1
106 1
107 3
108 3
109 1
110 1
111 1
112 1
113 1
114 2
115 1
116 3
117 3
118 2
119 2
120 2
121 2
122 2
123 1
124 2
125 3
126 1
127 1
128 2
129 2
130 2
131 2
132 1
133 1
134 1
135 1
136 1
137 2
138 2
139 3
140 3
141 2
142 2
143 3
144 1
145 1
146 2
147 2
148 3
149 2
150 1
151 1
152 1
153 3
154 3
155 3
156 2
157 1
158 2
159 3
160 1
161 3
162 1
163 1
164 2
165 2
166 1
167 1
168 1
169 1
170 1
171 3
172 1
173 2
174 1
175 1
176 2
177 3
178 1
179 3
180 1
181 3
182 1
183 2
184 1
185 1
186 2
187 2
188 2
189 1
190 2
191 1
192 3
193 1
194 3
195 1
196 2
197 1
198 3
199 1
200 2
SERVING_TIME_BY_THE_TRUCK 
0 0
1 4
2 5
3 4
4 4
5 5
6 5
7 5
8 3
9 4
10 4
11 3
12 3
13 4
14 4
15 3
16 4
17 4
18 3
19 2
20 4
21 5
22 2
23 3
24 2
25 2
26 3
27 4
28 2
29 4
30 5
31 4
32 3
33 4
34 3
35 5
36 4
37 5
38 4
39 4
40 5
41 2
42 2
43 5
44 2
45 3
46 2
47 2
48 5
49 2
50 4
51 2
52 4
53 5
54 4
55 4
56 3
57 4
58 2
59 2
60 3
61 4
62 2
63 2
64 4
65 2
66 4
67 5
68 5
69 4
70 4
71 3
72 3
73 2
74 4
75 4
76 4
77 5
78 3
79 5
80 4
81 4
82 5
83 5
84 3
85 2
86 3
87 4
88 4
89 4
90 4
91 4
92 2
93 4
94 4
95 4
96 3
97 4
98 4
99 3
100 3
101 2
102 3
103 3
104 3
105 4
106 3
107 3
108 3
109 3
110 4
111 3
112 2
113 4
114 2
115 3
116 3
117 4
118 4
119 2
120 2
121 5
122 3
123 4
124 4
125 3
126 3
127 3
128 4
129 3
130 2
131 3
132 2
133 5
134 4
135 5
136 5
137 2
138 4
139 3
140 3
141 4
142 3
143 4
144 2
145 3
146 4
147 3
148 4
149 2
150 3
151 4
152 3
153 4
154 2
155 4
156 2
157 4
158 4
159 4
160 4
161 4
162 4
163 5
164 3
165 3
166 5
167 4
168 4
169 3
170 3
171 5
172 3
173 5
174 4
175 2
176 4
177 3
178 4
179 3
180 4
181 5
182 3
183 4
184 4
185 4
186 5
187 3
188 4
189 5
190 2
191 5
192 3
193 4
194 5
195 2
196 5
197 3
198 4
199 4
200 4
EOF 
