NAME : Leuven1_N34_b4
DIMENSION : 34
EDGE_WEIGHT_TYPE : EUC_2D  
NODE_COORD_SECTION  
0 700 1000
1 933 960
2 826 1196
3 925 920
4 583 898
5 863 744
6 665 1129
7 717 1148
8 503 1473
9 1031 912
10 396 1474
11 919 1379
12 977 1318
13 758 1184
14 719 1159
15 604 1424
16 869 626
17 678 1512
18 753 1552
19 627 1584
20 619 1112
21 844 955
22 925 1333
23 629 1288
24 1168 731
25 804 1065
26 935 1368
27 659 1398
28 1166 1112
29 293 1127
30 270 1442
31 614 207
32 933 144
33 982 1713
DEMAND_SECTION  
0 0
1 1
2 1
3 1
4 2
5 2
6 2
7 1
8 3
9 3
10 1
11 1
12 2
13 3
14 2
15 1
16 1
17 1
18 1
19 3
20 3
21 1
22 3
23 1
24 3
25 1
26 1
27 1
28 1
29 1
30 1
31 2
32 1
33 1
SERVING_TIME_BY_THE_TRUCK 
0 0
1 4
2 5
3 3
4 3
5 3
6 4
7 3
8 4
9 2
10 3
11 2
12 3
13 4
14 4
15 4
16 4
17 4
18 5
19 4
20 3
21 4
22 4
23 4
24 3
25 5
26 3
27 4
28 2
29 2
30 2
31 5
32 3
33 4
EOF 
