NAME : Leuven1_N301_a2
DIMENSION : 301
EDGE_WEIGHT_TYPE : EUC_2D  
NODE_COORD_SECTION  
0 700 1000
1 906 1209
2 677 1192
3 632 1047
4 759 1277
5 567 1264
6 796 1217
7 879 1228
8 730 1188
9 884 1190
10 641 1188
11 774 1242
12 691 1183
13 886 770
14 711 1133
15 526 1226
16 679 1217
17 662 1165
18 662 1109
19 574 964
20 634 1292
21 457 1030
22 963 927
23 793 1189
24 687 1225
25 659 1158
26 913 1045
27 665 1066
28 766 1138
29 688 1220
30 683 1103
31 563 1185
32 977 973
33 694 1147
34 604 924
35 656 1101
36 852 1026
37 456 1014
38 234 1301
39 602 1287
40 909 1294
41 486 1414
42 840 727
43 443 1395
44 700 1571
45 569 1285
46 854 1330
47 424 1285
48 471 1356
49 758 592
50 858 1029
51 763 1142
52 1120 1073
53 471 1067
54 510 1376
55 568 1120
56 898 1286
57 1072 1179
58 459 1356
59 1020 1355
60 479 1114
61 678 1300
62 984 1282
63 868 1103
64 756 1183
65 750 1207
66 613 1214
67 594 1042
68 596 1225
69 667 1080
70 678 1021
71 634 1080
72 674 932
73 684 1271
74 627 1319
75 751 1393
76 682 1303
77 673 1137
78 647 1312
79 640 1238
80 1085 909
81 343 1167
82 805 1221
83 631 1327
84 865 1368
85 579 1516
86 577 1094
87 533 1173
88 611 1534
89 368 1440
90 890 788
91 697 1008
92 937 1156
93 530 1042
94 895 1134
95 933 960
96 738 1165
97 679 1113
98 1007 1217
99 1145 1086
100 601 916
101 487 1016
102 959 1248
103 728 1104
104 1148 1102
105 698 1044
106 891 680
107 597 1066
108 889 1088
109 658 1192
110 819 1262
111 548 1152
112 685 1153
113 949 1285
114 632 1411
115 663 1387
116 258 1398
117 949 1231
118 997 1211
119 471 1332
120 1099 762
121 1166 1085
122 900 1373
123 430 1134
124 616 1577
125 653 1338
126 567 1497
127 457 1219
128 632 1188
129 522 1075
130 625 1052
131 941 968
132 675 1100
133 506 1359
134 945 1345
135 823 1276
136 610 1024
137 1046 1279
138 302 1243
139 1148 697
140 966 1056
141 690 1273
142 953 953
143 422 1220
144 562 1234
145 700 1193
146 1020 1025
147 331 1285
148 744 1108
149 897 667
150 924 1209
151 734 1544
152 762 1167
153 882 602
154 993 1257
155 1099 934
156 588 1478
157 898 1141
158 286 1303
159 634 1103
160 521 1066
161 721 1130
162 468 1030
163 536 1356
164 338 1371
165 960 957
166 1097 1177
167 393 1333
168 841 1315
169 854 1152
170 588 1338
171 375 1468
172 491 1237
173 892 780
174 900 1197
175 586 1345
176 604 1456
177 1112 612
178 424 1271
179 972 1218
180 1033 1239
181 567 1214
182 771 1137
183 678 1004
184 898 1285
185 732 1257
186 796 1154
187 370 1323
188 396 1377
189 1007 1273
190 601 1348
191 687 1378
192 1249 835
193 1172 925
194 257 1310
195 697 1533
196 607 1412
197 613 682
198 1113 1220
199 594 1521
200 865 1377
201 616 1385
202 1110 1051
203 621 442
204 291 1368
205 566 1342
206 443 1210
207 861 1384
208 837 1289
209 567 487
210 999 1277
211 934 1368
212 611 1572
213 732 1260
214 1244 1050
215 932 962
216 942 794
217 400 1455
218 606 418
219 951 1367
220 618 1265
221 620 1497
222 326 1370
223 587 1090
224 1192 799
225 765 451
226 614 1578
227 1108 1008
228 602 1419
229 597 1587
230 993 930
231 696 1578
232 977 1351
233 625 1522
234 409 1221
235 304 1265
236 834 752
237 403 1178
238 578 1184
239 601 996
240 593 761
241 638 1203
242 731 1418
243 744 1461
244 708 1520
245 906 1105
246 1031 1211
247 1010 1257
248 594 1338
249 898 1250
250 367 1201
251 605 1558
252 987 1459
253 394 1444
254 933 1170
255 424 1451
256 345 1283
257 723 1582
258 461 1305
259 553 1312
260 872 764
261 867 1290
262 660 1355
263 249 1252
264 676 1678
265 479 1562
266 430 69
267 1373 971
268 721 374
269 389 1616
270 1024 32
271 1015 1798
272 526 1781
273 307 1903
274 623 40
275 1012 1755
276 212 1415
277 930 1684
278 94 1511
279 569 49
280 1008 1540
281 97 1535
282 1000 1570
283 1281 1201
284 1072 1866
285 505 201
286 1000 1805
287 957 377
288 1082 97
289 617 1599
290 77 1563
291 865 1844
292 917 1779
293 1045 1721
294 773 219
295 612 1659
296 1012 1653
297 226 1403
298 278 1444
299 885 1817
300 1017 1629
DEMAND_SECTION  
0 0
1 1
2 3
3 2
4 1
5 2
6 1
7 1
8 2
9 1
10 3
11 3
12 2
13 1
14 1
15 2
16 1
17 1
18 2
19 3
20 1
21 1
22 2
23 3
24 3
25 1
26 2
27 1
28 1
29 1
30 1
31 1
32 3
33 1
34 1
35 1
36 3
37 3
38 1
39 2
40 1
41 1
42 1
43 1
44 1
45 1
46 1
47 1
48 1
49 3
50 1
51 1
52 1
53 3
54 2
55 1
56 1
57 1
58 3
59 1
60 1
61 1
62 1
63 1
64 3
65 3
66 1
67 1
68 1
69 1
70 1
71 1
72 2
73 1
74 1
75 1
76 2
77 3
78 1
79 3
80 1
81 1
82 1
83 1
84 1
85 1
86 2
87 1
88 2
89 3
90 3
91 1
92 2
93 1
94 3
95 1
96 1
97 3
98 1
99 1
100 2
101 1
102 2
103 1
104 1
105 2
106 1
107 1
108 1
109 1
110 3
111 2
112 1
113 3
114 2
115 2
116 1
117 2
118 2
119 2
120 1
121 1
122 3
123 2
124 1
125 1
126 1
127 1
128 1
129 1
130 1
131 1
132 2
133 3
134 2
135 1
136 1
137 1
138 2
139 1
140 1
141 1
142 1
143 1
144 1
145 2
146 1
147 1
148 3
149 3
150 1
151 1
152 1
153 3
154 2
155 3
156 1
157 3
158 1
159 1
160 2
161 1
162 3
163 1
164 1
165 1
166 1
167 1
168 1
169 1
170 2
171 1
172 3
173 2
174 2
175 2
176 2
177 2
178 3
179 1
180 1
181 3
182 3
183 1
184 1
185 3
186 1
187 1
188 2
189 2
190 1
191 1
192 2
193 2
194 3
195 1
196 2
197 1
198 2
199 3
200 1
201 3
202 1
203 1
204 2
205 3
206 1
207 2
208 3
209 1
210 1
211 1
212 1
213 3
214 1
215 1
216 3
217 2
218 1
219 2
220 2
221 1
222 2
223 1
224 2
225 1
226 2
227 2
228 1
229 1
230 3
231 1
232 1
233 2
234 3
235 3
236 2
237 2
238 3
239 2
240 3
241 3
242 1
243 1
244 2
245 1
246 1
247 2
248 2
249 1
250 1
251 1
252 1
253 2
254 2
255 2
256 2
257 1
258 1
259 1
260 1
261 3
262 1
263 3
264 1
265 1
266 1
267 2
268 1
269 1
270 2
271 3
272 2
273 1
274 3
275 1
276 3
277 1
278 2
279 2
280 1
281 3
282 1
283 2
284 1
285 3
286 1
287 1
288 3
289 2
290 1
291 3
292 2
293 3
294 1
295 3
296 3
297 2
298 2
299 2
300 1
SERVING_TIME_BY_THE_TRUCK 
0 0
1 3
2 3
3 3
4 5
5 4
6 4
7 2
8 3
9 3
10 2
11 5
12 5
13 4
14 2
15 3
16 2
17 2
18 3
19 3
20 4
21 3
22 5
23 4
24 5
25 5
26 5
27 2
28 3
29 4
30 3
31 2
32 3
33 3
34 2
35 3
36 3
37 4
38 3
39 2
40 4
41 4
42 5
43 4
44 3
45 4
46 3
47 2
48 3
49 4
50 5
51 3
52 3
53 2
54 2
55 4
56 4
57 2
58 4
59 4
60 3
61 3
62 5
63 4
64 4
65 2
66 3
67 3
68 3
69 2
70 4
71 3
72 2
73 5
74 3
75 3
76 2
77 3
78 4
79 5
80 4
81 4
82 3
83 4
84 2
85 3
86 3
87 5
88 5
89 3
90 5
91 3
92 3
93 4
94 3
95 4
96 2
97 5
98 5
99 3
100 3
101 4
102 4
103 3
104 3
105 3
106 3
107 3
108 4
109 2
110 2
111 4
112 3
113 5
114 2
115 3
116 4
117 5
118 5
119 3
120 2
121 5
122 5
123 2
124 4
125 4
126 4
127 3
128 4
129 4
130 2
131 3
132 2
133 5
134 3
135 4
136 4
137 2
138 3
139 3
140 2
141 2
142 2
143 3
144 2
145 4
146 3
147 3
148 4
149 5
150 3
151 4
152 4
153 4
154 3
155 2
156 5
157 2
158 4
159 5
160 3
161 4
162 3
163 2
164 3
165 3
166 5
167 5
168 4
169 3
170 4
171 3
172 5
173 2
174 2
175 2
176 5
177 4
178 3
179 4
180 4
181 2
182 3
183 4
184 5
185 2
186 2
187 5
188 3
189 2
190 4
191 5
192 2
193 3
194 2
195 4
196 5
197 3
198 2
199 3
200 3
201 4
202 2
203 5
204 3
205 4
206 5
207 3
208 4
209 4
210 4
211 4
212 3
213 2
214 4
215 3
216 4
217 4
218 3
219 4
220 5
221 5
222 2
223 3
224 4
225 2
226 2
227 4
228 2
229 3
230 5
231 4
232 4
233 5
234 5
235 3
236 5
237 5
238 2
239 2
240 2
241 4
242 5
243 4
244 2
245 3
246 3
247 2
248 4
249 4
250 5
251 2
252 4
253 3
254 3
255 2
256 4
257 4
258 2
259 2
260 4
261 3
262 4
263 4
264 3
265 4
266 3
267 4
268 3
269 5
270 2
271 3
272 3
273 4
274 4
275 5
276 2
277 5
278 4
279 2
280 5
281 3
282 4
283 5
284 3
285 4
286 4
287 2
288 4
289 5
290 4
291 2
292 4
293 5
294 3
295 5
296 2
297 5
298 2
299 4
300 3
EOF 
