NAME : Leuven1_N28_b2
DIMENSION : 28
EDGE_WEIGHT_TYPE : EUC_2D  
NODE_COORD_SECTION  
0 700 1000
1 884 1070
2 732 1153
3 845 1092
4 597 838
5 829 1295
6 698 1034
7 424 1398
8 1071 690
9 728 1183
10 553 1576
11 693 1189
12 583 1513
13 737 1273
14 569 1127
15 772 1052
16 914 1060
17 704 1148
18 687 1213
19 828 1342
20 1039 1083
21 990 780
22 633 1374
23 979 1363
24 919 1379
25 613 213
26 979 1703
27 1355 1028
DEMAND_SECTION  
0 0
1 2
2 1
3 1
4 1
5 2
6 2
7 1
8 2
9 3
10 2
11 3
12 1
13 2
14 1
15 1
16 3
17 2
18 3
19 1
20 1
21 2
22 1
23 1
24 1
25 1
26 2
27 2
SERVING_TIME_BY_THE_TRUCK 
0 0
1 4
2 4
3 4
4 2
5 4
6 5
7 5
8 4
9 3
10 5
11 2
12 5
13 5
14 3
15 3
16 3
17 4
18 3
19 2
20 5
21 5
22 4
23 3
24 3
25 4
26 2
27 4
EOF 
