NAME : Leuven1_N34_b3
DIMENSION : 34
EDGE_WEIGHT_TYPE : EUC_2D  
NODE_COORD_SECTION  
0 700 1000
1 536 1148
2 581 940
3 662 1009
4 766 1291
5 941 1262
6 629 1253
7 929 1139
8 633 1047
9 1141 1213
10 634 1292
11 655 1018
12 979 785
13 634 1171
14 518 1141
15 1074 1455
16 729 1142
17 429 1297
18 715 1017
19 897 667
20 686 1189
21 879 1158
22 654 1239
23 898 1045
24 617 1377
25 832 1160
26 452 1298
27 470 1179
28 754 1108
29 858 1048
30 893 321
31 503 1662
32 232 1443
33 551 255
DEMAND_SECTION  
0 0
1 1
2 1
3 1
4 1
5 1
6 3
7 1
8 1
9 3
10 1
11 1
12 1
13 2
14 1
15 3
16 2
17 1
18 3
19 3
20 1
21 2
22 1
23 1
24 2
25 1
26 1
27 1
28 1
29 2
30 1
31 2
32 2
33 1
SERVING_TIME_BY_THE_TRUCK 
0 0
1 4
2 3
3 3
4 4
5 4
6 3
7 2
8 5
9 4
10 2
11 5
12 3
13 2
14 3
15 4
16 5
17 3
18 3
19 4
20 5
21 3
22 3
23 2
24 3
25 4
26 4
27 3
28 2
29 5
30 2
31 3
32 5
33 3
EOF 
