NAME : Leuven1_N31_a2
DIMENSION : 31
EDGE_WEIGHT_TYPE : EUC_2D  
NODE_COORD_SECTION  
0 700 1000
1 593 1160
2 729 1222
3 956 1031
4 1113 1220
5 743 1414
6 707 1284
7 480 1297
8 560 1157
9 745 1233
10 765 1136
11 1131 993
12 721 1137
13 928 1184
14 488 1124
15 735 1101
16 1186 1071
17 602 1419
18 662 1109
19 1202 1055
20 627 1319
21 607 1412
22 594 1338
23 400 1455
24 1148 697
25 627 1584
26 1217 1284
27 993 930
28 595 248
29 389 1616
30 984 1822
DEMAND_SECTION  
0 0
1 1
2 1
3 3
4 2
5 1
6 1
7 1
8 3
9 3
10 1
11 2
12 2
13 1
14 2
15 1
16 2
17 1
18 2
19 3
20 1
21 2
22 2
23 2
24 1
25 3
26 2
27 3
28 1
29 1
30 1
SERVING_TIME_BY_THE_TRUCK 
0 0
1 3
2 3
3 4
4 3
5 4
6 3
7 2
8 3
9 4
10 5
11 4
12 4
13 3
14 5
15 4
16 5
17 5
18 3
19 3
20 3
21 4
22 3
23 3
24 5
25 3
26 3
27 3
28 4
29 4
30 5
EOF 
