NAME : Leuven1_N31_a3
DIMENSION : 31
EDGE_WEIGHT_TYPE : EUC_2D  
NODE_COORD_SECTION  
0 700 1000
1 725 1175
2 457 1088
3 683 1078
4 1072 1179
5 1087 703
6 1043 1245
7 601 1191
8 578 1404
9 557 1259
10 956 1031
11 367 1201
12 1073 1018
13 856 1356
14 1138 1205
15 1005 1447
16 677 1196
17 744 1127
18 691 1404
19 491 1121
20 921 752
21 821 1542
22 749 1597
23 1113 1220
24 1024 1367
25 408 1479
26 865 923
27 567 1566
28 278 1444
29 112 1592
30 759 234
DEMAND_SECTION  
0 0
1 1
2 1
3 1
4 1
5 3
6 3
7 1
8 1
9 1
10 3
11 1
12 2
13 1
14 1
15 1
16 1
17 2
18 3
19 1
20 1
21 1
22 2
23 2
24 3
25 1
26 1
27 2
28 2
29 1
30 2
SERVING_TIME_BY_THE_TRUCK 
0 0
1 4
2 4
3 5
4 5
5 3
6 4
7 4
8 5
9 3
10 2
11 4
12 4
13 3
14 4
15 2
16 3
17 5
18 5
19 4
20 3
21 5
22 5
23 3
24 4
25 3
26 2
27 4
28 4
29 3
30 5
EOF 
