NAME : Leuven1_N201_c3
DIMENSION : 201
EDGE_WEIGHT_TYPE : EUC_2D  
NODE_COORD_SECTION  
0 700 1000
1 624 958
2 672 1092
3 848 758
4 500 1161
5 728 1104
6 894 773
7 768 1124
8 546 1067
9 763 1142
10 621 1086
11 464 1159
12 821 1208
13 866 1157
14 844 1069
15 622 1243
16 679 1154
17 898 1045
18 631 1140
19 633 1213
20 989 1011
21 865 767
22 708 1159
23 857 1072
24 600 1257
25 630 1004
26 594 1338
27 870 679
28 277 1280
29 606 418
30 821 1384
31 837 1289
32 939 1266
33 1057 1035
34 338 1278
35 212 1247
36 617 1486
37 676 1557
38 1201 1255
39 482 1486
40 431 1349
41 978 1394
42 995 1488
43 891 680
44 895 1134
45 515 1382
46 560 1554
47 641 1540
48 483 1066
49 893 766
50 525 1376
51 581 1555
52 726 1177
53 697 1306
54 765 1342
55 443 1259
56 881 1337
57 675 1100
58 681 1047
59 977 973
60 747 1277
61 714 1327
62 669 1289
63 322 1252
64 669 903
65 693 1327
66 1007 1217
67 901 1281
68 936 1160
69 725 1175
70 823 1183
71 751 1109
72 1072 1179
73 881 1185
74 729 1514
75 961 1010
76 305 1123
77 601 1292
78 1170 1142
79 807 1268
80 636 909
81 457 1534
82 698 1092
83 857 1319
84 1029 943
85 693 1103
86 471 1067
87 997 1211
88 793 1308
89 591 966
90 1031 911
91 454 1237
92 713 1399
93 796 1217
94 665 1398
95 405 1442
96 1188 1004
97 781 1242
98 632 1436
99 949 1231
100 932 962
101 702 1147
102 690 1492
103 545 1430
104 847 1048
105 268 1400
106 631 1135
107 738 1435
108 495 1086
109 553 1312
110 431 1176
111 500 1285
112 993 1065
113 858 1333
114 532 1097
115 717 1148
116 1159 1076
117 249 1200
118 768 1177
119 341 1307
120 302 1164
121 534 1110
122 250 1377
123 372 1441
124 515 1561
125 536 1377
126 1014 1276
127 919 1073
128 716 1150
129 583 1405
130 918 1173
131 674 932
132 1007 847
133 926 1124
134 884 1069
135 646 1195
136 558 1500
137 1198 1020
138 822 740
139 420 1168
140 457 1138
141 749 1285
142 1017 741
143 481 1172
144 561 1029
145 527 1186
146 396 1377
147 510 1394
148 569 1519
149 837 791
150 587 1090
151 898 1141
152 634 1254
153 550 1124
154 709 1581
155 420 1121
156 844 1288
157 847 1139
158 654 1239
159 765 1270
160 651 1383
161 622 1272
162 757 1283
163 982 1159
164 381 1242
165 472 1379
166 1076 1131
167 861 911
168 734 1387
169 1180 956
170 674 1105
171 972 1354
172 663 1535
173 591 1264
174 503 1133
175 1057 1072
176 1039 1626
177 1026 1882
178 969 1695
179 1130 1458
180 1011 1877
181 604 1631
182 902 132
183 982 1713
184 536 1603
185 479 1562
186 1008 1840
187 499 1665
188 1007 1736
189 363 1596
190 1044 1702
191 165 1347
192 560 166
193 902 159
194 303 1679
195 561 1688
196 986 1757
197 373 1699
198 597 1640
199 730 280
200 406 1620
DEMAND_SECTION  
0 0 
1 1
2 1
3 1
4 2
5 1
6 1
7 1
8 2
9 1
10 3
11 2
12 2
13 3
14 2
15 1
16 3
17 1
18 1
19 3
20 2
21 3
22 3
23 1
24 3
25 1
26 2
27 1
28 1
29 1
30 1
31 3
32 3
33 1
34 1
35 1
36 1
37 1
38 1
39 3
40 2
41 3
42 1
43 1
44 3
45 3
46 3
47 2
48 3
49 1
50 2
51 3
52 1
53 1
54 1
55 1
56 3
57 2
58 2
59 3
60 2
61 1
62 1
63 1
64 2
65 1
66 1
67 1
68 2
69 1
70 3
71 1
72 1
73 2
74 2
75 2
76 1
77 2
78 1
79 2
80 1
81 2
82 1
83 2
84 3
85 1
86 3
87 2
88 2
89 2
90 3
91 3
92 1
93 1
94 1
95 1
96 3
97 1
98 1
99 2
100 1
101 3
102 1
103 1
104 2
105 3
106 2
107 3
108 1
109 1
110 2
111 1
112 3
113 1
114 2
115 1
116 3
117 3
118 3
119 2
120 3
121 2
122 1
123 2
124 3
125 1
126 3
127 2
128 3
129 1
130 2
131 2
132 2
133 2
134 2
135 1
136 2
137 1
138 2
139 1
140 1
141 1
142 2
143 1
144 2
145 1
146 2
147 1
148 2
149 1
150 1
151 3
152 1
153 1
154 3
155 3
156 3
157 2
158 1
159 1
160 2
161 1
162 1
163 1
164 1
165 2
166 1
167 1
168 1
169 1
170 2
171 3
172 1
173 1
174 1
175 1
176 1
177 1
178 1
179 1
180 1
181 3
182 1
183 1
184 1
185 1
186 3
187 3
188 2
189 1
190 2
191 3
192 2
193 1
194 1
195 1
196 3
197 1
198 3
199 1
200 3
SERVING_TIME_BY_THE_TRUCK 
0 0 
1 2
2 4
3 3
4 3
5 2
6 5
7 3
8 2
9 3
10 5
11 2
12 2
13 5
14 3
15 4
16 4
17 3
18 5
19 2
20 4
21 4
22 3
23 4
24 5
25 3
26 2
27 2
28 4
29 3
30 3
31 4
32 2
33 5
34 4
35 3
36 4
37 4
38 4
39 4
40 5
41 4
42 2
43 3
44 4
45 4
46 3
47 4
48 3
49 3
50 2
51 2
52 4
53 3
54 4
55 4
56 3
57 4
58 3
59 4
60 4
61 2
62 2
63 4
64 4
65 2
66 2
67 3
68 3
69 3
70 4
71 4
72 2
73 4
74 4
75 3
76 4
77 3
78 3
79 4
80 3
81 3
82 3
83 2
84 5
85 4
86 4
87 3
88 4
89 5
90 2
91 2
92 4
93 5
94 3
95 4
96 3
97 3
98 5
99 3
100 4
101 4
102 4
103 5
104 3
105 4
106 4
107 4
108 2
109 4
110 2
111 2
112 4
113 3
114 2
115 5
116 5
117 4
118 4
119 4
120 3
121 5
122 3
123 3
124 4
125 3
126 4
127 2
128 3
129 4
130 3
131 4
132 3
133 4
134 2
135 3
136 5
137 2
138 3
139 5
140 3
141 3
142 3
143 2
144 4
145 2
146 4
147 4
148 3
149 5
150 3
151 2
152 3
153 4
154 3
155 2
156 5
157 4
158 5
159 4
160 5
161 4
162 4
163 3
164 4
165 4
166 3
167 4
168 2
169 3
170 4
171 4
172 3
173 4
174 2
175 2
176 4
177 4
178 3
179 2
180 4
181 3
182 2
183 3
184 3
185 5
186 3
187 5
188 4
189 2
190 4
191 3
192 5
193 2
194 2
195 4
196 3
197 4
198 4
199 5
200 4
EOF 
