NAME : Leuven1_N31_b2
DIMENSION : 31
EDGE_WEIGHT_TYPE : EUC_2D  
NODE_COORD_SECTION  
0 700 1000
1 593 1160
2 729 1222
3 956 1031
4 560 1157
5 662 1109
6 765 1136
7 1202 1055
8 1113 1220
9 627 1319
10 743 1414
11 721 1137
12 607 1412
13 928 1184
14 480 1297
15 594 1338
16 488 1124
17 400 1455
18 1148 697
19 735 1101
20 1186 1071
21 602 1419
22 993 930
23 745 1233
24 707 1284
25 627 1584
26 1217 1284
27 1131 993
28 595 248
29 389 1616
30 984 1822
DEMAND_SECTION  
0 0
1 1
2 1
3 3
4 3
5 2
6 1
7 3
8 2
9 1
10 1
11 2
12 2
13 1
14 1
15 2
16 2
17 2
18 1
19 1
20 2
21 1
22 3
23 3
24 1
25 3
26 2
27 2
28 1
29 1
30 1
SERVING_TIME_BY_THE_TRUCK 
0 0
1 3
2 3
3 4
4 3
5 3
6 5
7 3
8 3
9 3
10 4
11 4
12 4
13 3
14 2
15 3
16 5
17 3
18 5
19 4
20 5
21 5
22 3
23 4
24 3
25 3
26 3
27 4
28 4
29 4
30 5
EOF 
