NAME : Leuven1_N28_a4
DIMENSION : 28
EDGE_WEIGHT_TYPE : EUC_2D  
NODE_COORD_SECTION  
0 700 1000
1 822 740
2 863 1029
3 556 1232
4 1022 1293
5 588 1338
6 863 1169
7 919 1115
8 526 1138
9 662 1109
10 697 1449
11 513 1297
12 587 855
13 660 1289
14 869 1328
15 910 1282
16 1159 696
17 765 1270
18 737 1279
19 659 1158
20 497 1288
21 505 818
22 466 1164
23 503 1133
24 803 1307
25 926 45
26 877 1719
27 229 1392
DEMAND_SECTION  
0 0
1 2
2 1
3 3
4 1
5 2
6 1
7 1
8 1
9 2
10 1
11 2
12 1
13 1
14 3
15 1
16 1
17 1
18 2
19 1
20 2
21 1
22 3
23 1
24 1
25 1
26 2
27 1
SERVING_TIME_BY_THE_TRUCK 
0 0
1 3
2 5
3 4
4 4
5 4
6 4
7 3
8 4
9 5
10 5
11 4
12 3
13 4
14 3
15 2
16 4
17 4
18 4
19 5
20 3
21 5
22 2
23 4
24 4
25 3
26 2
27 5
EOF 
