NAME : Leuven1_N201_a5
DIMENSION : 201
EDGE_WEIGHT_TYPE : EUC_2D  
NODE_COORD_SECTION  
0 700 1000
1 834 752
2 739 1030
3 627 1232
4 679 1175
5 617 1227
6 595 1070
7 970 943
8 768 1285
9 908 1202
10 600 972
11 655 1232
12 825 1092
13 452 1116
14 831 1061
15 736 1184
16 658 1280
17 581 1246
18 597 1153
19 840 1264
20 621 1086
21 481 1172
22 693 1103
23 493 1176
24 829 1261
25 752 1160
26 533 1375
27 338 1371
28 485 1399
29 941 974
30 857 1319
31 730 1070
32 858 1048
33 650 1055
34 827 1063
35 914 1152
36 960 920
37 784 1245
38 659 1214
39 599 883
40 697 1364
41 379 1309
42 601 1219
43 754 1250
44 823 1303
45 963 1261
46 545 1430
47 624 958
48 644 1202
49 929 1139
50 702 1140
51 632 1179
52 951 1071
53 693 1145
54 702 1198
55 632 1411
56 552 1005
57 874 1079
58 583 1405
59 683 1103
60 569 1110
61 1031 1202
62 758 592
63 602 1017
64 619 1112
65 807 1230
66 595 1192
67 616 1380
68 660 1065
69 687 1201
70 572 1179
71 654 937
72 660 1282
73 969 1084
74 651 1084
75 597 1587
76 944 1196
77 926 1414
78 999 1277
79 713 1406
80 596 1587
81 914 1296
82 702 1345
83 568 1134
84 536 1283
85 326 1303
86 636 1513
87 858 1187
88 1082 764
89 1003 1294
90 801 1097
91 519 1252
92 579 1392
93 708 1520
94 1015 1218
95 664 1105
96 632 1178
97 966 1056
98 637 1071
99 716 1048
100 626 1111
101 1045 856
102 840 1282
103 844 1496
104 580 1465
105 672 1092
106 224 1346
107 446 1223
108 1042 1201
109 776 1194
110 698 1248
111 604 1195
112 768 1177
113 749 1597
114 655 1096
115 1097 1065
116 869 626
117 1005 1447
118 1017 1076
119 1070 1188
120 707 1284
121 914 1373
122 747 901
123 812 1362
124 639 1121
125 962 1097
126 284 1368
127 645 667
128 767 1579
129 601 1292
130 968 1377
131 1052 1184
132 1183 1191
133 958 1385
134 387 1217
135 1148 697
136 693 1327
137 377 1284
138 653 1450
139 767 1299
140 676 1527
141 553 1576
142 690 1273
143 900 1373
144 1092 1043
145 1014 1295
146 1010 1296
147 359 1208
148 688 1436
149 1097 1207
150 1085 909
151 513 1237
152 919 1032
153 653 1275
154 793 1277
155 288 1131
156 464 1199
157 443 1259
158 850 1027
159 669 1183
160 764 421
161 851 1252
162 641 1188
163 268 1400
164 1025 1254
165 628 1112
166 989 1011
167 212 1247
168 611 1283
169 542 1372
170 995 1488
171 508 1413
172 371 1109
173 1192 1089
174 923 1320
175 616 1202
176 389 1616
177 1115 1832
178 840 100
179 560 166
180 1050 1876
181 873 243
182 649 274
183 505 1581
184 831 1840
185 935 103
186 924 180
187 371 1644
188 633 398
189 933 144
190 501 91
191 914 1797
192 499 108
193 569 49
194 1037 1760
195 1340 922
196 898 277
197 315 1641
198 806 363
199 768 361
200 814 1797
DEMAND_SECTION  
0 0
1 2
2 1
3 3
4 1
5 2
6 1
7 1
8 2
9 3
10 3
11 1
12 1
13 3
14 1
15 1
16 2
17 1
18 3
19 1
20 3
21 1
22 1
23 3
24 2
25 3
26 3
27 2
28 1
29 1
30 2
31 1
32 2
33 1
34 3
35 1
36 2
37 3
38 3
39 3
40 2
41 2
42 1
43 3
44 3
45 1
46 1
47 1
48 2
49 1
50 1
51 1
52 1
53 1
54 1
55 2
56 3
57 1
58 1
59 1
60 1
61 1
62 3
63 1
64 3
65 3
66 2
67 1
68 3
69 1
70 1
71 2
72 3
73 2
74 1
75 1
76 2
77 1
78 1
79 1
80 1
81 2
82 1
83 3
84 1
85 1
86 2
87 1
88 1
89 2
90 3
91 1
92 1
93 2
94 2
95 1
96 2
97 1
98 2
99 2
100 1
101 2
102 2
103 1
104 1
105 1
106 2
107 1
108 3
109 3
110 3
111 2
112 3
113 2
114 2
115 1
116 1
117 1
118 1
119 1
120 1
121 2
122 1
123 1
124 3
125 2
126 1
127 2
128 3
129 2
130 1
131 1
132 2
133 2
134 1
135 1
136 1
137 2
138 2
139 1
140 1
141 2
142 1
143 3
144 2
145 2
146 3
147 2
148 1
149 1
150 1
151 2
152 2
153 3
154 1
155 2
156 1
157 1
158 2
159 2
160 3
161 2
162 3
163 3
164 2
165 1
166 2
167 1
168 1
169 2
170 1
171 2
172 2
173 1
174 1
175 2
176 1
177 1
178 1
179 2
180 2
181 2
182 3
183 3
184 1
185 1
186 1
187 1
188 1
189 1
190 1
191 1
192 3
193 2
194 2
195 2
196 2
197 1
198 1
199 2
200 1
SERVING_TIME_BY_THE_TRUCK 
0 0
1 2
2 3
3 3
4 5
5 3
6 2
7 5
8 3
9 4
10 3
11 4
12 2
13 3
14 2
15 5
16 2
17 3
18 5
19 2
20 2
21 4
22 4
23 4
24 4
25 3
26 5
27 4
28 3
29 4
30 2
31 3
32 3
33 4
34 5
35 5
36 3
37 3
38 4
39 4
40 4
41 2
42 3
43 4
44 5
45 5
46 3
47 3
48 3
49 5
50 5
51 3
52 2
53 3
54 4
55 5
56 5
57 3
58 2
59 4
60 3
61 4
62 2
63 2
64 4
65 5
66 4
67 4
68 4
69 4
70 4
71 4
72 3
73 4
74 2
75 5
76 5
77 3
78 3
79 3
80 3
81 5
82 4
83 3
84 5
85 3
86 5
87 5
88 3
89 2
90 4
91 2
92 4
93 4
94 4
95 5
96 5
97 4
98 4
99 2
100 3
101 5
102 4
103 4
104 5
105 2
106 3
107 3
108 3
109 3
110 2
111 5
112 3
113 3
114 2
115 5
116 3
117 4
118 4
119 2
120 4
121 2
122 3
123 4
124 4
125 3
126 3
127 3
128 4
129 4
130 2
131 3
132 4
133 2
134 3
135 2
136 2
137 3
138 5
139 4
140 4
141 4
142 4
143 4
144 4
145 4
146 4
147 2
148 3
149 3
150 3
151 5
152 2
153 2
154 4
155 2
156 4
157 3
158 4
159 2
160 4
161 2
162 2
163 5
164 4
165 5
166 3
167 3
168 4
169 4
170 3
171 5
172 2
173 3
174 3
175 5
176 5
177 4
178 4
179 5
180 3
181 3
182 4
183 4
184 2
185 4
186 3
187 3
188 2
189 3
190 3
191 4
192 5
193 4
194 4
195 4
196 3
197 5
198 3
199 2
200 4
EOF 
