NAME : Leuven1_N301_c1
DIMENSION : 301
EDGE_WEIGHT_TYPE : EUC_2D  
NODE_COORD_SECTION  
0 700 1000
1 597 842
2 506 1082
3 930 961
4 730 1188
5 993 1055
6 825 1142
7 483 1066
8 664 1041
9 905 1196
10 617 1227
11 884 1070
12 562 1122
13 702 1147
14 541 1056
15 731 1140
16 774 1014
17 654 1239
18 593 1215
19 650 1055
20 694 1284
21 674 1000
22 940 1097
23 926 1124
24 739 1030
25 657 942
26 676 1028
27 620 1247
28 545 945
29 539 1237
30 569 1127
31 724 1282
32 595 1152
33 644 1181
34 655 1018
35 776 1194
36 825 1003
37 619 1112
38 812 1362
39 975 1271
40 647 1510
41 601 1348
42 828 1307
43 366 1222
44 356 1304
45 1108 1008
46 923 1320
47 1085 760
48 793 1308
49 1001 1431
50 390 1424
51 739 1379
52 1202 1055
53 457 1219
54 682 1303
55 724 1595
56 1183 1046
57 895 1258
58 624 1504
59 1031 912
60 459 1435
61 757 1304
62 564 1515
63 734 1387
64 1045 1280
65 892 1388
66 1017 1195
67 447 1298
68 892 1388
69 497 1336
70 982 1437
71 1012 1402
72 968 1377
73 978 1394
74 602 1386
75 403 1471
76 650 1189
77 737 1429
78 678 1430
79 869 626
80 396 1377
81 729 1222
82 1061 1094
83 492 1412
84 631 1140
85 898 1068
86 491 1237
87 1014 1295
88 733 1380
89 604 1191
90 888 1004
91 1007 999
92 621 1318
93 224 1346
94 707 1467
95 492 1559
96 1085 1220
97 450 1155
98 681 1089
99 765 1305
100 708 1159
101 1180 987
102 510 1376
103 648 1134
104 877 963
105 737 1279
106 634 1254
107 1176 1077
108 377 1328
109 882 1040
110 624 958
111 586 1275
112 924 1209
113 625 1522
114 847 1139
115 493 1176
116 884 1197
117 793 1189
118 658 1192
119 1097 1207
120 436 1262
121 889 1088
122 633 1047
123 475 1128
124 1101 990
125 911 1328
126 408 1479
127 953 769
128 338 1192
129 807 1230
130 1075 1156
131 457 1088
132 340 1262
133 693 1094
134 613 916
135 662 1125
136 575 1518
137 816 1242
138 832 1160
139 324 1242
140 717 1148
141 708 1124
142 702 1140
143 520 1235
144 1256 1148
145 755 1132
146 736 1184
147 1134 1179
148 705 1260
149 924 1065
150 331 1301
151 482 1068
152 889 704
153 714 1368
154 426 1122
155 1061 723
156 664 1162
157 779 1388
158 655 1385
159 909 1259
160 813 1328
161 685 1151
162 691 1183
163 821 1018
164 604 1070
165 629 1288
166 562 1548
167 970 1270
168 886 770
169 590 1275
170 692 958
171 583 1373
172 654 1134
173 496 1171
174 854 1152
175 927 1188
176 637 1171
177 424 1285
178 611 1259
179 678 1021
180 661 1464
181 1071 742
182 1072 1179
183 727 1307
184 848 637
185 729 557
186 1017 1076
187 299 1299
188 906 1209
189 842 1374
190 586 487
191 528 1079
192 882 602
193 1177 697
194 515 1210
195 1251 782
196 750 1073
197 738 1165
198 366 1490
199 398 1228
200 634 1351
201 729 1100
202 855 733
203 901 629
204 904 1112
205 698 644
206 549 1462
207 671 1144
208 934 1238
209 715 1186
210 823 1183
211 896 678
212 660 1065
213 970 943
214 431 1349
215 665 1446
216 508 1413
217 489 1123
218 728 1104
219 709 1581
220 541 1058
221 675 1369
222 620 1254
223 767 1287
224 698 1092
225 800 1133
226 1015 720
227 280 1174
228 972 1076
229 424 1451
230 1097 1065
231 815 1036
232 287 1118
233 798 1248
234 683 1037
235 654 1305
236 751 1346
237 576 906
238 738 1058
239 263 1391
240 1164 708
241 616 1181
242 553 1556
243 796 1145
244 1024 1367
245 650 1008
246 972 774
247 728 1060
248 565 1327
249 741 1593
250 467 1305
251 699 1553
252 1039 1083
253 672 1092
254 852 1026
255 861 600
256 630 1189
257 464 1199
258 1033 916
259 620 1497
260 865 742
261 878 976
262 1139 1186
263 495 1086
264 1066 1813
265 1005 1885
266 1024 1844
267 623 296
268 249 1460
269 1008 1540
270 238 1498
271 1043 33
272 445 105
273 305 1589
274 576 15
275 1089 1861
276 309 1503
277 373 1591
278 107 1527
279 560 1601
280 1310 796
281 229 1468
282 876 352
283 972 84
284 919 98
285 277 1467
286 410 1657
287 606 326
288 764 1660
289 812 1706
290 522 1583
291 818 226
292 429 1652
293 860 1637
294 866 213
295 107 1543
296 1375 1042
297 543 1720
298 324 1583
299 1023 1725
300 588 1601
DEMAND_SECTION  
0 0 
1 1
2 3
3 2
4 2
5 1
6 1
7 3
8 1
9 2
10 2
11 2
12 1
13 3
14 1
15 2
16 2
17 1
18 3
19 1
20 1
21 2
22 3
23 2
24 1
25 2
26 1
27 3
28 1
29 2
30 1
31 2
32 1
33 2
34 1
35 3
36 2
37 3
38 1
39 2
40 1
41 1
42 3
43 1
44 3
45 2
46 1
47 1
48 2
49 2
50 3
51 1
52 3
53 1
54 2
55 1
56 3
57 2
58 3
59 3
60 2
61 1
62 1
63 1
64 2
65 3
66 1
67 3
68 1
69 2
70 2
71 2
72 1
73 3
74 1
75 2
76 1
77 3
78 2
79 1
80 2
81 1
82 3
83 1
84 1
85 2
86 3
87 2
88 1
89 1
90 3
91 3
92 3
93 2
94 2
95 2
96 2
97 3
98 2
99 1
100 3
101 1
102 2
103 2
104 2
105 2
106 1
107 1
108 1
109 3
110 1
111 3
112 1
113 2
114 2
115 3
116 1
117 3
118 1
119 1
120 1
121 1
122 1
123 3
124 1
125 1
126 1
127 1
128 1
129 3
130 1
131 1
132 2
133 2
134 1
135 2
136 1
137 1
138 1
139 3
140 1
141 1
142 1
143 3
144 1
145 3
146 1
147 1
148 1
149 1
150 2
151 1
152 1
153 1
154 2
155 1
156 1
157 2
158 1
159 1
160 2
161 3
162 2
163 2
164 3
165 1
166 1
167 3
168 1
169 2
170 2
171 1
172 2
173 3
174 1
175 1
176 1
177 1
178 1
179 1
180 1
181 2
182 1
183 3
184 2
185 1
186 1
187 3
188 1
189 2
190 1
191 1
192 3
193 1
194 1
195 3
196 3
197 1
198 1
199 2
200 1
201 2
202 1
203 1
204 2
205 1
206 2
207 1
208 1
209 2
210 3
211 3
212 3
213 1
214 2
215 3
216 2
217 2
218 1
219 3
220 1
221 1
222 2
223 1
224 1
225 1
226 1
227 1
228 3
229 2
230 1
231 1
232 1
233 2
234 1
235 1
236 3
237 2
238 2
239 3
240 1
241 2
242 1
243 1
244 3
245 2
246 2
247 3
248 1
249 2
250 1
251 1
252 1
253 1
254 3
255 1
256 1
257 1
258 3
259 1
260 1
261 1
262 1
263 1
264 2
265 1
266 1
267 1
268 2
269 1
270 1
271 1
272 1
273 1
274 3
275 3
276 2
277 2
278 1
279 1
280 3
281 3
282 2
283 1
284 1
285 1
286 3
287 2
288 1
289 1
290 2
291 1
292 3
293 3
294 2
295 1
296 1
297 1
298 2
299 2
300 3
SERVING_TIME_BY_THE_TRUCK 
0 0 
1 2
2 4
3 3
4 3
5 5
6 4
7 2
8 4
9 4
10 5
11 3
12 4
13 3
14 3
15 2
16 5
17 4
18 3
19 3
20 2
21 4
22 5
23 2
24 3
25 3
26 5
27 3
28 3
29 5
30 5
31 4
32 3
33 4
34 3
35 2
36 4
37 5
38 3
39 5
40 4
41 3
42 5
43 4
44 4
45 5
46 4
47 3
48 3
49 3
50 5
51 4
52 2
53 4
54 4
55 3
56 3
57 4
58 3
59 4
60 3
61 5
62 3
63 2
64 5
65 5
66 5
67 3
68 2
69 3
70 4
71 3
72 2
73 5
74 3
75 2
76 3
77 3
78 4
79 2
80 3
81 3
82 4
83 4
84 4
85 3
86 3
87 3
88 3
89 4
90 3
91 3
92 4
93 4
94 3
95 4
96 3
97 3
98 3
99 3
100 5
101 4
102 4
103 4
104 4
105 4
106 2
107 5
108 4
109 4
110 3
111 3
112 5
113 4
114 5
115 5
116 4
117 5
118 4
119 2
120 3
121 4
122 3
123 3
124 4
125 5
126 5
127 3
128 3
129 3
130 4
131 3
132 2
133 2
134 3
135 2
136 5
137 3
138 4
139 4
140 2
141 2
142 4
143 3
144 3
145 4
146 5
147 5
148 2
149 4
150 5
151 2
152 4
153 3
154 4
155 3
156 5
157 2
158 3
159 5
160 5
161 4
162 4
163 2
164 3
165 3
166 3
167 2
168 5
169 4
170 3
171 2
172 3
173 4
174 5
175 3
176 5
177 4
178 4
179 3
180 4
181 3
182 5
183 3
184 4
185 3
186 4
187 3
188 4
189 4
190 3
191 4
192 4
193 3
194 2
195 3
196 4
197 2
198 3
199 4
200 2
201 4
202 2
203 5
204 5
205 4
206 4
207 2
208 4
209 3
210 4
211 4
212 4
213 4
214 2
215 4
216 2
217 3
218 3
219 2
220 3
221 4
222 4
223 4
224 4
225 4
226 5
227 3
228 4
229 4
230 4
231 5
232 2
233 3
234 4
235 5
236 4
237 4
238 4
239 2
240 3
241 5
242 2
243 5
244 3
245 4
246 3
247 2
248 4
249 4
250 3
251 5
252 3
253 5
254 4
255 4
256 3
257 3
258 4
259 5
260 2
261 2
262 4
263 4
264 2
265 2
266 3
267 4
268 5
269 3
270 2
271 2
272 2
273 4
274 2
275 3
276 3
277 5
278 2
279 4
280 5
281 2
282 3
283 5
284 2
285 3
286 3
287 4
288 3
289 3
290 2
291 2
292 5
293 2
294 2
295 5
296 2
297 5
298 2
299 4
300 4
EOF 
