NAME : Leuven1_N22_a1
DIMENSION : 22
EDGE_WEIGHT_TYPE : EUC_2D  
NODE_COORD_SECTION  
0 700 1000
1 715 1017
2 518 1141
3 525 1376
4 646 1392
5 1012 795
6 660 1213
7 616 1380
8 429 1139
9 377 1284
10 935 758
11 826 1288
12 832 1160
13 655 1203
14 549 1462
15 840 731
16 1164 758
17 847 1282
18 676 1527
19 976 1385
20 870 1790
21 937 1738
DEMAND_SECTION  
0 0
1 3
2 1
3 2
4 2
5 2
6 3
7 1
8 1
9 2
10 1
11 3
12 1
13 2
14 2
15 2
16 2
17 3
18 1
19 2
20 2
21 1
SERVING_TIME_BY_THE_TRUCK 
0 0
1 5
2 2
3 4
4 3
5 4
6 4
7 3
8 5
9 4
10 4
11 3
12 5
13 3
14 3
15 2
16 4
17 3
18 4
19 2
20 2
21 3
EOF 
