NAME : Leuven1_N34_b1
DIMENSION : 34
EDGE_WEIGHT_TYPE : EUC_2D  
NODE_COORD_SECTION  
0 700 1000
1 953 932
2 587 855
3 599 1046
4 428 1005
5 793 1189
6 1029 943
7 695 1108
8 459 1356
9 997 1211
10 676 1527
11 613 1548
12 744 1108
13 876 1047
14 597 1545
15 659 1234
16 906 1105
17 689 1329
18 628 1579
19 810 1227
20 555 1228
21 571 1188
22 648 1159
23 699 1440
24 652 1163
25 482 1170
26 734 1275
27 258 1398
28 570 1555
29 747 1384
30 499 108
31 571 252
32 505 1581
33 1012 1864
DEMAND_SECTION  
0 0
1 3
2 1
3 1
4 2
5 3
6 3
7 3
8 3
9 2
10 1
11 1
12 3
13 1
14 1
15 2
16 1
17 2
18 2
19 3
20 2
21 1
22 1
23 3
24 1
25 2
26 2
27 1
28 3
29 2
30 3
31 3
32 3
33 1
SERVING_TIME_BY_THE_TRUCK 
0 0
1 3
2 5
3 4
4 5
5 4
6 5
7 5
8 3
9 4
10 3
11 2
12 4
13 4
14 5
15 3
16 5
17 3
18 4
19 3
20 5
21 4
22 3
23 4
24 3
25 4
26 5
27 2
28 3
29 4
30 4
31 4
32 3
33 3
EOF 
