NAME : Leuven1_N301_b3
DIMENSION : 301
EDGE_WEIGHT_TYPE : EUC_2D  
NODE_COORD_SECTION  
0 700 1000
1 977 973
2 889 1046
3 610 1022
4 905 1196
5 583 785
6 669 1187
7 674 1112
8 788 744
9 819 1123
10 923 940
11 599 883
12 800 1080
13 604 1262
14 634 1172
15 595 1034
16 563 1185
17 597 838
18 473 1132
19 697 1008
20 630 1004
21 989 932
22 632 1178
23 616 1001
24 540 927
25 516 1104
26 765 1136
27 928 851
28 672 1092
29 644 901
30 594 1042
31 620 1092
32 691 1069
33 491 1121
34 736 1184
35 810 1227
36 562 1122
37 862 1208
38 947 743
39 515 1379
40 687 1378
41 713 1406
42 1086 955
43 896 712
44 518 1141
45 595 1152
46 793 1308
47 980 1395
48 554 1371
49 840 727
50 695 1162
51 802 1169
52 436 1248
53 569 672
54 778 1123
55 763 1142
56 639 1258
57 640 1238
58 888 1221
59 626 1002
60 674 1000
61 543 1031
62 790 1254
63 536 764
64 711 1173
65 883 1055
66 590 1232
67 549 1154
68 1163 979
69 533 1173
70 737 1031
71 645 1063
72 1099 1072
73 863 1169
74 905 1167
75 765 451
76 1017 741
77 536 1377
78 452 1298
79 497 1288
80 730 1318
81 374 1406
82 735 1306
83 713 1531
84 979 1363
85 258 1398
86 826 1531
87 583 1373
88 302 1164
89 920 1331
90 958 1385
91 1061 1094
92 874 713
93 1101 990
94 729 1514
95 1097 1065
96 457 1534
97 1050 1155
98 1026 833
99 1115 705
100 1029 943
101 590 1572
102 829 1295
103 1130 751
104 903 701
105 1010 1257
106 751 1346
107 1131 1161
108 513 1348
109 249 1200
110 1045 856
111 767 1299
112 1026 1315
113 1256 1148
114 921 752
115 961 1222
116 331 1285
117 858 1124
118 963 927
119 742 1178
120 661 1464
121 1031 1202
122 333 1136
123 613 1247
124 760 1171
125 717 1148
126 647 1193
127 929 1139
128 1061 723
129 553 1556
130 768 1124
131 560 1554
132 669 903
133 443 1259
134 709 1253
135 600 1200
136 986 1328
137 429 1139
138 690 1492
139 520 1181
140 996 823
141 682 1303
142 624 1180
143 1168 983
144 664 921
145 490 1186
146 299 1165
147 802 1342
148 644 1311
149 456 1046
150 597 1153
151 567 1566
152 1016 1410
153 993 930
154 455 1295
155 550 1459
156 923 832
157 903 1074
158 793 745
159 572 1438
160 616 1202
161 588 1288
162 620 1266
163 587 855
164 818 1389
165 1093 1148
166 715 1017
167 1092 1043
168 727 1267
169 592 1329
170 953 932
171 820 1063
172 1043 1245
173 569 1285
174 817 1120
175 614 1198
176 1044 1396
177 1024 1042
178 336 1182
179 952 1020
180 837 1285
181 898 1292
182 738 1175
183 682 1420
184 1121 1151
185 966 1056
186 662 1488
187 568 1120
188 724 1171
189 1034 1381
190 583 1513
191 330 1448
192 718 1223
193 979 1489
194 723 1081
195 726 1249
196 812 1535
197 863 744
198 779 1371
199 578 1404
200 675 1082
201 710 1151
202 686 1189
203 650 1304
204 454 1246
205 738 1074
206 529 1099
207 764 421
208 919 1115
209 698 1469
210 634 1351
211 685 1153
212 595 1070
213 837 1266
214 684 1011
215 453 1329
216 692 1269
217 631 1205
218 625 1041
219 566 1249
220 941 1262
221 577 1490
222 907 753
223 618 1332
224 587 838
225 679 1118
226 697 1364
227 765 1492
228 734 1523
229 482 1486
230 1095 1023
231 899 1329
232 863 1293
233 567 1346
234 614 1578
235 1244 1050
236 707 1317
237 909 1370
238 583 713
239 1220 837
240 617 479
241 463 1105
242 1007 623
243 867 1382
244 674 1267
245 646 1392
246 858 1048
247 742 1428
248 816 1248
249 882 1101
250 1047 1229
251 709 1289
252 590 1275
253 343 1167
254 866 1446
255 676 1393
256 961 1199
257 1229 861
258 442 1363
259 694 1284
260 977 1204
261 627 1351
262 399 1339
263 731 1418
264 229 1468
265 1194 655
266 1036 1891
267 951 1721
268 455 1574
269 833 327
270 585 1593
271 905 355
272 226 1403
273 448 1656
274 986 1680
275 416 1625
276 886 1795
277 577 383
278 1007 37
279 865 1845
280 617 1599
281 619 17
282 543 255
283 744 379
284 300 1682
285 1005 1839
286 567 330
287 666 391
288 1000 1570
289 844 108
290 613 318
291 441 169
292 872 260
293 548 220
294 1381 1253
295 1017 1629
296 116 1529
297 952 116
298 78 1547
299 711 167
300 572 1695
DEMAND_SECTION  
0 0
1 3
2 1
3 1
4 2
5 2
6 1
7 2
8 2
9 2
10 3
11 3
12 1
13 1
14 2
15 1
16 1
17 1
18 2
19 1
20 1
21 1
22 2
23 2
24 1
25 1
26 1
27 2
28 1
29 3
30 1
31 2
32 1
33 1
34 1
35 3
36 1
37 1
38 2
39 1
40 1
41 1
42 1
43 1
44 1
45 1
46 2
47 1
48 1
49 1
50 1
51 3
52 2
53 1
54 1
55 1
56 2
57 3
58 2
59 2
60 2
61 3
62 2
63 1
64 2
65 3
66 2
67 3
68 1
69 1
70 1
71 2
72 2
73 1
74 1
75 1
76 2
77 1
78 1
79 2
80 1
81 1
82 3
83 2
84 1
85 1
86 1
87 1
88 3
89 3
90 2
91 3
92 1
93 1
94 2
95 1
96 2
97 2
98 2
99 2
100 3
101 1
102 2
103 1
104 1
105 2
106 3
107 1
108 1
109 3
110 2
111 1
112 1
113 1
114 1
115 1
116 1
117 3
118 2
119 1
120 1
121 1
122 2
123 1
124 1
125 1
126 2
127 1
128 1
129 1
130 1
131 3
132 2
133 1
134 1
135 2
136 1
137 1
138 1
139 1
140 2
141 2
142 2
143 1
144 3
145 1
146 2
147 1
148 1
149 1
150 3
151 2
152 2
153 3
154 2
155 3
156 3
157 1
158 2
159 1
160 2
161 3
162 2
163 1
164 1
165 1
166 3
167 2
168 1
169 3
170 3
171 3
172 3
173 1
174 1
175 2
176 1
177 2
178 1
179 1
180 1
181 1
182 3
183 1
184 1
185 1
186 3
187 1
188 2
189 1
190 1
191 1
192 1
193 1
194 1
195 1
196 2
197 2
198 1
199 1
200 1
201 2
202 1
203 2
204 1
205 2
206 1
207 3
208 1
209 3
210 1
211 1
212 1
213 2
214 3
215 1
216 3
217 1
218 2
219 1
220 1
221 1
222 2
223 1
224 1
225 3
226 2
227 1
228 2
229 3
230 2
231 3
232 2
233 2
234 2
235 1
236 1
237 1
238 3
239 3
240 2
241 3
242 3
243 1
244 2
245 2
246 2
247 1
248 1
249 1
250 3
251 1
252 2
253 1
254 2
255 1
256 3
257 1
258 3
259 1
260 1
261 2
262 2
263 1
264 3
265 2
266 2
267 1
268 2
269 1
270 3
271 1
272 2
273 1
274 2
275 3
276 1
277 3
278 1
279 1
280 2
281 1
282 1
283 1
284 1
285 2
286 2
287 1
288 1
289 1
290 2
291 2
292 3
293 1
294 2
295 1
296 2
297 1
298 1
299 2
300 1
SERVING_TIME_BY_THE_TRUCK 
0 0
1 5
2 3
3 4
4 3
5 5
6 2
7 2
8 4
9 5
10 4
11 5
12 4
13 4
14 3
15 4
16 3
17 2
18 3
19 4
20 3
21 4
22 3
23 2
24 3
25 3
26 3
27 2
28 3
29 5
30 5
31 2
32 2
33 3
34 4
35 3
36 3
37 3
38 3
39 4
40 3
41 5
42 3
43 2
44 5
45 4
46 4
47 3
48 4
49 4
50 3
51 5
52 3
53 4
54 4
55 4
56 3
57 4
58 4
59 4
60 3
61 3
62 4
63 4
64 3
65 2
66 5
67 5
68 4
69 5
70 2
71 5
72 3
73 4
74 4
75 3
76 3
77 2
78 5
79 5
80 3
81 2
82 3
83 2
84 4
85 3
86 4
87 3
88 4
89 3
90 3
91 2
92 4
93 2
94 2
95 4
96 5
97 3
98 3
99 4
100 3
101 3
102 4
103 3
104 4
105 3
106 4
107 4
108 2
109 2
110 3
111 3
112 3
113 5
114 3
115 2
116 3
117 3
118 2
119 3
120 4
121 3
122 4
123 3
124 3
125 2
126 3
127 4
128 3
129 4
130 3
131 3
132 2
133 4
134 4
135 5
136 3
137 4
138 4
139 2
140 2
141 3
142 2
143 5
144 2
145 5
146 4
147 4
148 3
149 4
150 3
151 5
152 4
153 2
154 4
155 4
156 5
157 3
158 3
159 4
160 3
161 4
162 3
163 3
164 5
165 4
166 4
167 2
168 4
169 3
170 2
171 4
172 3
173 2
174 3
175 4
176 3
177 3
178 4
179 3
180 5
181 2
182 3
183 4
184 3
185 3
186 3
187 2
188 2
189 2
190 3
191 5
192 3
193 3
194 4
195 3
196 4
197 5
198 5
199 5
200 3
201 2
202 3
203 3
204 3
205 3
206 3
207 3
208 3
209 5
210 3
211 5
212 3
213 3
214 2
215 4
216 2
217 5
218 2
219 3
220 5
221 3
222 2
223 4
224 4
225 4
226 3
227 5
228 3
229 3
230 4
231 4
232 4
233 3
234 2
235 2
236 3
237 2
238 4
239 4
240 5
241 3
242 5
243 5
244 5
245 3
246 3
247 2
248 3
249 5
250 5
251 3
252 5
253 4
254 4
255 5
256 4
257 5
258 3
259 4
260 4
261 4
262 2
263 4
264 3
265 3
266 5
267 4
268 5
269 3
270 5
271 2
272 4
273 2
274 3
275 5
276 4
277 3
278 5
279 3
280 4
281 5
282 4
283 3
284 4
285 4
286 4
287 5
288 4
289 5
290 4
291 4
292 3
293 4
294 2
295 3
296 4
297 4
298 4
299 4
300 3
EOF 
