NAME : Leuven1_N201_a4
DIMENSION : 201
EDGE_WEIGHT_TYPE : EUC_2D  
NODE_COORD_SECTION  
0 700 1000
1 798 1169
2 527 1003
3 512 1007
4 654 1239
5 781 1220
6 738 1136
7 776 1194
8 742 1002
9 729 1265
10 919 905
11 568 1134
12 475 1014
13 501 1148
14 811 1152
15 700 1109
16 702 1109
17 644 901
18 439 1126
19 728 1104
20 856 997
21 901 787
22 715 1186
23 580 1172
24 776 1253
25 737 1222
26 906 1231
27 867 1290
28 444 1313
29 716 1317
30 850 1027
31 739 1325
32 734 1275
33 721 1227
34 870 1032
35 878 976
36 763 1142
37 805 1082
38 693 1094
39 928 1184
40 845 1092
41 772 1286
42 689 802
43 510 1390
44 611 1065
45 481 1172
46 970 1214
47 387 1217
48 511 1283
49 626 1111
50 349 1192
51 659 1214
52 744 1030
53 490 1186
54 886 770
55 638 1245
56 465 1143
57 728 1138
58 651 1356
59 762 1035
60 649 1130
61 667 1490
62 647 1008
63 480 1354
64 865 767
65 871 1226
66 529 1021
67 648 1499
68 541 1055
69 485 1399
70 788 744
71 533 1375
72 920 1105
73 506 1082
74 570 1378
75 886 1277
76 1061 1094
77 678 1430
78 687 1378
79 765 1449
80 740 1339
81 1118 722
82 898 657
83 749 1299
84 660 1355
85 578 1304
86 1022 1293
87 708 1453
88 496 1164
89 475 1481
90 423 1172
91 358 1284
92 634 1201
93 604 1191
94 601 996
95 1120 1073
96 550 1459
97 707 1467
98 695 1156
99 913 1045
100 689 1148
101 613 1214
102 593 1215
103 610 1022
104 864 1382
105 298 1129
106 835 1159
107 993 1065
108 1086 955
109 644 1370
110 636 1513
111 546 1067
112 567 1264
113 944 1196
114 580 941
115 1131 993
116 735 1294
117 698 644
118 866 1446
119 630 1189
120 553 1576
121 872 764
122 929 1139
123 503 1027
124 359 1208
125 634 1171
126 676 1447
127 399 1339
128 577 1490
129 331 1285
130 213 1226
131 308 1381
132 1138 824
133 934 1375
134 586 1345
135 714 1368
136 788 569
137 288 1131
138 814 1372
139 857 639
140 1082 1141
141 961 1222
142 1126 940
143 1166 1112
144 978 1394
145 677 1196
146 564 1441
147 962 1097
148 793 1189
149 313 1187
150 549 1154
151 583 1229
152 751 1268
153 753 1544
154 959 1248
155 1010 1257
156 620 1497
157 801 1264
158 1166 1085
159 1012 795
160 242 1385
161 690 1428
162 618 1265
163 508 1413
164 459 1216
165 810 1227
166 958 1374
167 707 1284
168 578 1184
169 688 1577
170 607 1341
171 734 1387
172 1197 954
173 426 1122
174 1070 1188
175 970 1352
176 180 1570
177 558 105
178 1019 1681
179 954 1721
180 612 1659
181 270 1442
182 569 1793
183 829 1726
184 868 1765
185 718 347
186 1072 1866
187 958 47
188 80 1518
189 865 1845
190 470 1589
191 428 1610
192 1031 1641
193 312 1624
194 353 1626
195 543 1720
196 151 1553
197 133 1531
198 581 284
199 1037 1760
200 601 232
DEMAND_SECTION  
0 0
1 3
2 3
3 1
4 1
5 1
6 3
7 3
8 2
9 1
10 1
11 3
12 3
13 2
14 2
15 3
16 1
17 3
18 1
19 1
20 1
21 1
22 2
23 1
24 1
25 3
26 3
27 3
28 1
29 1
30 2
31 1
32 2
33 2
34 3
35 1
36 1
37 1
38 2
39 1
40 1
41 1
42 1
43 1
44 1
45 1
46 1
47 1
48 1
49 1
50 3
51 3
52 2
53 1
54 1
55 1
56 3
57 1
58 1
59 1
60 2
61 1
62 1
63 1
64 3
65 3
66 2
67 3
68 1
69 1
70 2
71 3
72 1
73 3
74 3
75 1
76 3
77 2
78 1
79 2
80 3
81 2
82 1
83 2
84 1
85 2
86 1
87 1
88 1
89 3
90 1
91 1
92 3
93 1
94 2
95 1
96 3
97 2
98 2
99 2
100 3
101 1
102 3
103 1
104 1
105 1
106 3
107 3
108 1
109 1
110 2
111 2
112 2
113 2
114 1
115 2
116 1
117 1
118 2
119 1
120 2
121 1
122 1
123 1
124 2
125 2
126 1
127 2
128 1
129 1
130 1
131 1
132 1
133 3
134 2
135 1
136 2
137 2
138 1
139 1
140 1
141 1
142 1
143 1
144 3
145 1
146 2
147 2
148 3
149 2
150 3
151 1
152 2
153 1
154 2
155 2
156 1
157 3
158 1
159 2
160 1
161 1
162 2
163 2
164 2
165 3
166 3
167 1
168 3
169 3
170 1
171 1
172 1
173 2
174 1
175 3
176 2
177 3
178 2
179 1
180 3
181 1
182 1
183 3
184 1
185 2
186 1
187 1
188 1
189 1
190 2
191 1
192 1
193 2
194 2
195 1
196 2
197 3
198 3
199 2
200 1
SERVING_TIME_BY_THE_TRUCK 
0 0
1 4
2 2
3 3
4 4
5 2
6 5
7 3
8 3
9 2
10 4
11 3
12 3
13 5
14 5
15 2
16 4
17 3
18 3
19 4
20 2
21 3
22 2
23 4
24 5
25 3
26 3
27 3
28 2
29 4
30 4
31 5
32 3
33 3
34 2
35 2
36 4
37 3
38 4
39 2
40 3
41 4
42 5
43 3
44 3
45 3
46 3
47 4
48 4
49 3
50 5
51 3
52 4
53 3
54 4
55 3
56 3
57 2
58 4
59 3
60 4
61 2
62 4
63 3
64 4
65 5
66 3
67 3
68 2
69 4
70 2
71 3
72 3
73 4
74 4
75 4
76 3
77 5
78 4
79 3
80 4
81 4
82 3
83 4
84 4
85 4
86 5
87 2
88 3
89 4
90 5
91 4
92 4
93 5
94 3
95 2
96 4
97 5
98 5
99 4
100 4
101 4
102 3
103 3
104 4
105 3
106 2
107 4
108 4
109 3
110 3
111 4
112 4
113 2
114 3
115 2
116 3
117 4
118 4
119 3
120 3
121 3
122 4
123 3
124 3
125 3
126 3
127 4
128 3
129 3
130 4
131 4
132 3
133 4
134 4
135 5
136 5
137 4
138 3
139 4
140 2
141 5
142 3
143 3
144 2
145 4
146 4
147 2
148 4
149 3
150 4
151 3
152 3
153 3
154 3
155 3
156 5
157 3
158 5
159 4
160 2
161 3
162 3
163 3
164 2
165 3
166 2
167 3
168 4
169 3
170 3
171 5
172 3
173 3
174 3
175 2
176 5
177 4
178 4
179 3
180 4
181 2
182 4
183 2
184 4
185 4
186 4
187 3
188 4
189 5
190 4
191 4
192 3
193 4
194 5
195 4
196 4
197 3
198 4
199 2
200 3
EOF 
