NAME : Leuven1_N28_b3
DIMENSION : 28
EDGE_WEIGHT_TYPE : EUC_2D  
NODE_COORD_SECTION  
0 700 1000
1 658 1280
2 455 1156
3 697 1276
4 893 768
5 590 1232
6 682 1303
7 236 1299
8 320 1352
9 636 1360
10 613 1441
11 1231 759
12 616 1573
13 616 1164
14 658 852
15 558 1500
16 524 1081
17 851 1252
18 671 1144
19 906 1105
20 863 1290
21 674 1105
22 468 1115
23 662 1488
24 513 1297
25 996 1867
26 770 1784
27 496 1233
DEMAND_SECTION  
0 0
1 2
2 3
3 1
4 1
5 2
6 2
7 1
8 1
9 2
10 1
11 2
12 2
13 3
14 2
15 2
16 1
17 2
18 1
19 1
20 1
21 2
22 3
23 3
24 2
25 1
26 1
27 1
SERVING_TIME_BY_THE_TRUCK 
0 0
1 3
2 5
3 3
4 3
5 5
6 3
7 4
8 3
9 3
10 3
11 3
12 2
13 3
14 5
15 4
16 3
17 3
18 2
19 4
20 3
21 5
22 5
23 4
24 3
25 4
26 5
27 3
EOF 
