NAME : Leuven1_N19_c1
DIMENSION : 19
EDGE_WEIGHT_TYPE : EUC_2D  
NODE_COORD_SECTION  
0 700 1000
1 821 1061
2 883 1224
3 1005 771
4 806 1182
5 979 785
6 822 824
7 581 940
8 536 1356
9 929 1279
10 562 1548
11 585 1408
12 762 1035
13 560 1235
14 1240 1031
15 564 1340
16 629 1336
17 802 364
18 114 1693
DEMAND_SECTION  
0 0 
1 1
2 2
3 1
4 1
5 1
6 1
7 1
8 1
9 2
10 1
11 2
12 1
13 1
14 2
15 2
16 1
17 2
18 1
SERVING_TIME_BY_THE_TRUCK 
0 0 
1 3
2 3
3 4
4 3
5 4
6 3
7 5
8 3
9 3
10 5
11 3
12 3
13 4
14 4
15 2
16 5
17 4
18 5
EOF 
