NAME : Leuven1_N31_b3
DIMENSION : 31
EDGE_WEIGHT_TYPE : EUC_2D  
NODE_COORD_SECTION  
0 700 1000
1 725 1175
2 457 1088
3 683 1078
4 1073 1018
5 1113 1220
6 956 1031
7 691 1404
8 921 752
9 856 1356
10 821 1542
11 1138 1205
12 1005 1447
13 1087 703
14 1043 1245
15 601 1191
16 677 1196
17 1024 1367
18 408 1479
19 557 1259
20 865 923
21 744 1127
22 567 1566
23 491 1121
24 749 1597
25 1072 1179
26 578 1404
27 367 1201
28 278 1444
29 112 1592
30 759 234
DEMAND_SECTION  
0 0
1 1
2 1
3 1
4 2
5 2
6 3
7 3
8 1
9 1
10 1
11 1
12 1
13 3
14 3
15 1
16 1
17 3
18 1
19 1
20 1
21 2
22 2
23 1
24 2
25 1
26 1
27 1
28 2
29 1
30 2
SERVING_TIME_BY_THE_TRUCK 
0 0
1 4
2 4
3 5
4 4
5 3
6 2
7 5
8 3
9 3
10 5
11 4
12 2
13 3
14 4
15 4
16 3
17 4
18 3
19 3
20 2
21 5
22 4
23 4
24 5
25 5
26 5
27 4
28 4
29 3
30 5
EOF 
