NAME : Leuven1_N34_b2
DIMENSION : 34
EDGE_WEIGHT_TYPE : EUC_2D  
NODE_COORD_SECTION  
0 700 1000
1 858 1215
2 658 1280
3 698 1118
4 522 1075
5 695 1237
6 600 1200
7 648 1134
8 715 1186
9 319 1332
10 1180 956
11 607 1228
12 576 1193
13 634 1080
14 403 1344
15 611 1259
16 1005 1296
17 704 1005
18 724 1042
19 626 1002
20 605 1558
21 674 1267
22 909 1259
23 756 1359
24 457 1030
25 910 1282
26 788 1271
27 576 1485
28 655 1134
29 854 1193
30 455 1574
31 459 1589
32 1025 1618
33 287 1483
DEMAND_SECTION  
0 0
1 2
2 2
3 3
4 1
5 1
6 2
7 2
8 2
9 1
10 1
11 3
12 3
13 1
14 2
15 1
16 2
17 1
18 1
19 2
20 1
21 2
22 1
23 1
24 1
25 1
26 3
27 2
28 1
29 3
30 2
31 1
32 1
33 2
SERVING_TIME_BY_THE_TRUCK 
0 0
1 5
2 3
3 5
4 3
5 4
6 3
7 3
8 4
9 5
10 4
11 4
12 4
13 5
14 3
15 4
16 3
17 3
18 3
19 4
20 3
21 4
22 3
23 3
24 3
25 4
26 4
27 3
28 5
29 5
30 4
31 4
32 4
33 4
EOF 
