NAME : Leuven1_N34_c3
DIMENSION : 34
EDGE_WEIGHT_TYPE : EUC_2D  
NODE_COORD_SECTION  
0 700 1000
1 536 1148
2 581 940
3 662 1009
4 766 1291
5 941 1262
6 1141 1213
7 634 1292
8 452 1298
9 655 1018
10 629 1253
11 470 1179
12 979 785
13 634 1171
14 518 1141
15 1074 1455
16 929 1139
17 754 1108
18 729 1142
19 429 1297
20 715 1017
21 897 667
22 686 1189
23 879 1158
24 654 1239
25 858 1048
26 898 1045
27 633 1047
28 617 1377
29 832 1160
30 893 321
31 503 1662
32 232 1443
33 551 255
DEMAND_SECTION  
0 0 
1 1
2 1
3 1
4 1
5 1
6 3
7 1
8 1
9 1
10 3
11 1
12 1
13 2
14 1
15 3
16 1
17 1
18 2
19 1
20 3
21 3
22 1
23 2
24 1
25 2
26 1
27 1
28 2
29 1
30 1
31 2
32 2
33 1
SERVING_TIME_BY_THE_TRUCK 
0 0 
1 4
2 3
3 3
4 4
5 4
6 4
7 2
8 4
9 5
10 3
11 3
12 3
13 2
14 3
15 4
16 2
17 2
18 5
19 3
20 3
21 4
22 5
23 3
24 3
25 5
26 2
27 5
28 3
29 4
30 2
31 3
32 5
33 3
EOF 
