NAME : Leuven1_N25_a5
DIMENSION : 25
EDGE_WEIGHT_TYPE : EUC_2D  
NODE_COORD_SECTION  
0 700 1000
1 617 1227
2 605 820
3 889 1088
4 526 1226
5 992 1047
6 697 1276
7 901 629
8 731 1318
9 702 1147
10 711 1470
11 993 1183
12 1131 1161
13 1085 909
14 580 1576
15 863 1169
16 723 1262
17 588 1478
18 1131 993
19 759 1489
20 701 1595
21 730 1318
22 617 1611
23 448 1656
24 829 1726
DEMAND_SECTION  
0 0
1 2
2 3
3 1
4 2
5 1
6 1
7 1
8 1
9 3
10 3
11 1
12 1
13 1
14 1
15 1
16 3
17 1
18 2
19 2
20 1
21 1
22 2
23 1
24 3
SERVING_TIME_BY_THE_TRUCK 
0 0
1 4
2 4
3 4
4 3
5 3
6 4
7 5
8 3
9 2
10 5
11 3
12 2
13 3
14 2
15 4
16 4
17 5
18 3
19 5
20 5
21 3
22 3
23 3
24 4
EOF 
