NAME : Leuven1_N201_b4
DIMENSION : 201
EDGE_WEIGHT_TYPE : EUC_2D  
NODE_COORD_SECTION  
0 700 1000
1 798 1169
2 527 1003
3 512 1007
4 654 1239
5 781 1220
6 738 1136
7 776 1194
8 742 1002
9 729 1265
10 919 905
11 568 1134
12 475 1014
13 501 1148
14 811 1152
15 700 1109
16 702 1109
17 644 901
18 439 1126
19 728 1104
20 856 997
21 901 787
22 715 1186
23 580 1172
24 776 1253
25 737 1222
26 906 1231
27 788 569
28 740 1339
29 444 1313
30 870 1032
31 1022 1293
32 601 996
33 772 1286
34 1120 1073
35 626 1111
36 695 1156
37 659 1214
38 913 1045
39 744 1030
40 465 1143
41 298 1129
42 865 767
43 644 1370
44 690 1428
45 567 1264
46 529 1021
47 735 1294
48 810 1227
49 707 1284
50 634 1171
51 676 1447
52 399 1339
53 577 1490
54 331 1285
55 213 1226
56 1061 1094
57 1138 824
58 678 1430
59 687 1378
60 586 1345
61 714 1368
62 716 1317
63 749 1299
64 850 1027
65 288 1131
66 814 1372
67 660 1355
68 857 639
69 734 1275
70 721 1227
71 708 1453
72 961 1222
73 496 1164
74 475 1481
75 763 1142
76 1126 940
77 423 1172
78 805 1082
79 358 1284
80 693 1094
81 928 1184
82 634 1201
83 845 1092
84 604 1191
85 510 1390
86 978 1394
87 550 1459
88 611 1065
89 481 1172
90 677 1196
91 970 1214
92 387 1217
93 511 1283
94 707 1467
95 349 1192
96 962 1097
97 793 1189
98 689 1148
99 886 770
100 638 1245
101 313 1187
102 728 1138
103 613 1214
104 593 1215
105 549 1154
106 583 1229
107 751 1268
108 753 1544
109 610 1022
110 651 1356
111 864 1382
112 762 1035
113 959 1248
114 647 1008
115 1010 1257
116 480 1354
117 993 1065
118 801 1264
119 1166 1085
120 636 1513
121 871 1226
122 618 1265
123 648 1499
124 508 1413
125 944 1196
126 459 1216
127 580 941
128 541 1055
129 1131 993
130 485 1399
131 958 1374
132 698 644
133 788 744
134 688 1577
135 866 1446
136 630 1189
137 553 1576
138 533 1375
139 607 1341
140 734 1387
141 1197 954
142 929 1139
143 503 1027
144 426 1122
145 1070 1188
146 506 1082
147 570 1378
148 359 1208
149 970 1352
150 886 1277
151 308 1381
152 934 1375
153 867 1290
154 765 1449
155 1118 722
156 898 657
157 739 1325
158 1082 1141
159 578 1304
160 878 976
161 1166 1112
162 689 802
163 564 1441
164 490 1186
165 649 1130
166 667 1490
167 835 1159
168 620 1497
169 1086 955
170 1012 795
171 242 1385
172 546 1067
173 578 1184
174 872 764
175 920 1105
176 180 1570
177 558 105
178 1019 1681
179 954 1721
180 612 1659
181 270 1442
182 569 1793
183 829 1726
184 868 1765
185 718 347
186 1072 1866
187 958 47
188 80 1518
189 865 1845
190 470 1589
191 428 1610
192 1031 1641
193 312 1624
194 353 1626
195 543 1720
196 151 1553
197 133 1531
198 581 284
199 1037 1760
200 601 232
DEMAND_SECTION  
0 0
1 3
2 3
3 1
4 1
5 1
6 3
7 3
8 2
9 1
10 1
11 3
12 3
13 2
14 2
15 3
16 1
17 3
18 1
19 1
20 1
21 1
22 2
23 1
24 1
25 3
26 3
27 2
28 3
29 1
30 3
31 1
32 2
33 1
34 1
35 1
36 2
37 3
38 2
39 2
40 3
41 1
42 3
43 1
44 1
45 2
46 2
47 1
48 3
49 1
50 2
51 1
52 2
53 1
54 1
55 1
56 3
57 1
58 2
59 1
60 2
61 1
62 1
63 2
64 2
65 2
66 1
67 1
68 1
69 2
70 2
71 1
72 1
73 1
74 3
75 1
76 1
77 1
78 1
79 1
80 2
81 1
82 3
83 1
84 1
85 1
86 3
87 3
88 1
89 1
90 1
91 1
92 1
93 1
94 2
95 3
96 2
97 3
98 3
99 1
100 1
101 2
102 1
103 1
104 3
105 3
106 1
107 2
108 1
109 1
110 1
111 1
112 1
113 2
114 1
115 2
116 1
117 3
118 3
119 1
120 2
121 3
122 2
123 3
124 2
125 2
126 2
127 1
128 1
129 2
130 1
131 3
132 1
133 2
134 3
135 2
136 1
137 2
138 3
139 1
140 1
141 1
142 1
143 1
144 2
145 1
146 3
147 3
148 2
149 3
150 1
151 1
152 3
153 3
154 2
155 2
156 1
157 1
158 1
159 2
160 1
161 1
162 1
163 2
164 1
165 2
166 1
167 3
168 1
169 1
170 2
171 1
172 2
173 3
174 1
175 1
176 2
177 3
178 2
179 1
180 3
181 1
182 1
183 3
184 1
185 2
186 1
187 1
188 1
189 1
190 2
191 1
192 1
193 2
194 2
195 1
196 2
197 3
198 3
199 2
200 1
SERVING_TIME_BY_THE_TRUCK 
0 0
1 4
2 2
3 3
4 4
5 2
6 5
7 3
8 3
9 2
10 4
11 3
12 3
13 5
14 5
15 2
16 4
17 3
18 3
19 4
20 2
21 3
22 2
23 4
24 5
25 3
26 3
27 5
28 4
29 2
30 2
31 5
32 3
33 4
34 2
35 3
36 5
37 3
38 4
39 4
40 3
41 3
42 4
43 3
44 3
45 4
46 3
47 3
48 3
49 3
50 3
51 3
52 4
53 3
54 3
55 4
56 3
57 3
58 5
59 4
60 4
61 5
62 4
63 4
64 4
65 4
66 3
67 4
68 4
69 3
70 3
71 2
72 5
73 3
74 4
75 4
76 3
77 5
78 3
79 4
80 4
81 2
82 4
83 3
84 5
85 3
86 2
87 4
88 3
89 3
90 4
91 3
92 4
93 4
94 5
95 5
96 2
97 4
98 4
99 4
100 3
101 3
102 2
103 4
104 3
105 4
106 3
107 3
108 3
109 3
110 4
111 4
112 3
113 3
114 4
115 3
116 3
117 4
118 3
119 5
120 3
121 5
122 3
123 3
124 3
125 2
126 2
127 3
128 2
129 2
130 4
131 2
132 4
133 2
134 3
135 4
136 3
137 3
138 3
139 3
140 5
141 3
142 4
143 3
144 3
145 3
146 4
147 4
148 3
149 2
150 4
151 4
152 4
153 3
154 3
155 4
156 3
157 5
158 2
159 4
160 2
161 3
162 5
163 4
164 3
165 4
166 2
167 2
168 5
169 4
170 4
171 2
172 4
173 4
174 3
175 3
176 5
177 4
178 4
179 3
180 4
181 2
182 4
183 2
184 4
185 4
186 4
187 3
188 4
189 5
190 4
191 4
192 3
193 4
194 5
195 4
196 4
197 3
198 4
199 2
200 3
EOF 
