NAME : Leuven1_N101_b3
DIMENSION : 101
EDGE_WEIGHT_TYPE : EUC_2D  
NODE_COORD_SECTION  
0 700 1000
1 489 1178
2 796 1145
3 898 1062
4 638 1245
5 652 1131
6 671 1289
7 768 1124
8 793 1189
9 697 1008
10 637 1171
11 794 1164
12 747 901
13 484 1241
14 850 1027
15 811 1152
16 586 1345
17 1097 1177
18 858 1048
19 740 1306
20 840 727
21 1007 623
22 758 592
23 592 1233
24 660 1065
25 512 1007
26 920 1331
27 647 1312
28 740 1339
29 1071 1421
30 861 1384
31 979 1363
32 625 1522
33 584 1559
34 1245 893
35 893 1384
36 696 1578
37 1176 871
38 403 1344
39 398 1228
40 436 1248
41 908 1365
42 990 780
43 403 1178
44 298 1129
45 768 1210
46 562 1373
47 571 1188
48 600 1011
49 1153 870
50 796 1154
51 919 1250
52 252 1300
53 425 1212
54 858 738
55 731 1418
56 632 1391
57 883 1055
58 650 1008
59 620 1092
60 865 1287
61 581 1066
62 586 1081
63 545 1116
64 903 1074
65 867 1146
66 599 1254
67 892 1357
68 562 1548
69 569 1285
70 972 774
71 738 1058
72 708 1169
73 603 1094
74 587 838
75 659 1007
76 479 1456
77 1033 916
78 284 1368
79 605 1558
80 693 1180
81 744 1334
82 338 1278
83 915 1363
84 830 1568
85 554 1371
86 744 1461
87 812 1566
88 585 1284
89 865 1845
90 956 19
91 742 1694
92 210 1426
93 597 1640
94 257 1435
95 577 383
96 569 49
97 1045 128
98 551 255
99 520 1643
100 774 368
DEMAND_SECTION  
0 0
1 1
2 1
3 1
4 1
5 1
6 1
7 1
8 3
9 1
10 1
11 1
12 1
13 1
14 2
15 2
16 2
17 1
18 2
19 3
20 1
21 3
22 3
23 2
24 3
25 1
26 3
27 1
28 3
29 1
30 2
31 1
32 2
33 1
34 1
35 1
36 1
37 3
38 2
39 2
40 2
41 2
42 2
43 2
44 1
45 2
46 2
47 1
48 3
49 1
50 1
51 2
52 3
53 2
54 3
55 1
56 2
57 3
58 2
59 2
60 1
61 2
62 1
63 3
64 1
65 1
66 2
67 2
68 1
69 1
70 2
71 2
72 2
73 1
74 1
75 1
76 2
77 3
78 1
79 1
80 2
81 2
82 1
83 1
84 1
85 1
86 1
87 1
88 2
89 1
90 2
91 2
92 3
93 3
94 1
95 3
96 2
97 1
98 1
99 1
100 2
SERVING_TIME_BY_THE_TRUCK 
0 0
1 4
2 4
3 4
4 4
5 2
6 5
7 5
8 2
9 2
10 5
11 4
12 3
13 5
14 4
15 3
16 3
17 4
18 4
19 5
20 4
21 5
22 4
23 3
24 5
25 5
26 5
27 3
28 3
29 5
30 2
31 5
32 3
33 2
34 4
35 4
36 4
37 2
38 4
39 2
40 2
41 3
42 4
43 2
44 5
45 4
46 5
47 2
48 3
49 3
50 4
51 3
52 3
53 4
54 3
55 2
56 5
57 4
58 5
59 4
60 3
61 4
62 4
63 3
64 3
65 5
66 4
67 3
68 4
69 3
70 3
71 4
72 5
73 2
74 2
75 3
76 4
77 4
78 2
79 5
80 4
81 3
82 3
83 4
84 5
85 3
86 3
87 4
88 5
89 3
90 4
91 4
92 5
93 2
94 4
95 4
96 3
97 4
98 3
99 3
100 3
EOF 
