NAME : Leuven1_N201_c1
DIMENSION : 201
EDGE_WEIGHT_TYPE : EUC_2D  
NODE_COORD_SECTION  
0 700 1000
1 562 1122
2 941 968
3 684 1011
4 632 1059
5 671 1112
6 742 1002
7 759 1256
8 526 1138
9 760 1177
10 590 883
11 951 1020
12 660 1104
13 490 1186
14 727 1267
15 903 792
16 872 764
17 919 1073
18 882 773
19 520 1235
20 851 1252
21 595 1192
22 895 1134
23 718 1128
24 733 1259
25 697 1008
26 702 1345
27 563 1560
28 731 1418
29 244 1244
30 471 1356
31 1186 1071
32 224 1292
33 889 704
34 408 1479
35 1176 871
36 597 1587
37 1130 751
38 609 1437
39 644 1311
40 319 1332
41 731 1559
42 1082 1141
43 461 1305
44 280 1174
45 522 1519
46 555 1228
47 458 1282
48 846 1077
49 691 1183
50 759 1277
51 697 1198
52 769 1547
53 678 1021
54 737 1031
55 625 1165
56 479 1456
57 594 1181
58 651 1303
59 339 1293
60 976 1385
61 674 1267
62 515 964
63 858 727
64 758 1184
65 654 1239
66 1159 696
67 482 1068
68 711 1470
69 587 1116
70 739 572
71 634 1080
72 637 1071
73 812 1271
74 827 1259
75 758 1326
76 914 1060
77 1024 1042
78 1017 1076
79 515 1382
80 674 932
81 819 1123
82 755 1132
83 747 1384
84 878 1142
85 924 1484
86 881 1390
87 619 1147
88 669 1404
89 948 922
90 979 1489
91 660 1169
92 819 1262
93 929 1279
94 564 1137
95 585 1364
96 689 1353
97 669 1182
98 378 1447
99 1075 757
100 358 1284
101 1066 780
102 1072 1179
103 468 1285
104 865 1368
105 916 1073
106 628 1374
107 632 1178
108 539 1392
109 763 1142
110 1070 1188
111 791 765
112 961 1199
113 914 1296
114 806 1182
115 607 938
116 1115 1424
117 658 982
118 1033 1239
119 828 1342
120 674 1000
121 843 1165
122 1014 841
123 1019 1093
124 923 832
125 513 1201
126 567 1346
127 655 1096
128 1076 765
129 578 1300
130 367 1201
131 632 1047
132 431 1349
133 842 1374
134 888 1221
135 898 1062
136 671 1094
137 735 1294
138 682 1303
139 541 1362
140 729 1069
141 857 1173
142 396 1377
143 462 1126
144 500 1285
145 589 1563
146 662 1488
147 887 1002
148 213 1226
149 708 1124
150 863 1169
151 613 1247
152 1101 1218
153 591 966
154 616 1259
155 679 1175
156 1192 1089
157 772 1031
158 681 1330
159 731 1143
160 562 1373
161 890 788
162 504 1351
163 1019 1292
164 1049 1469
165 1141 1213
166 1020 1025
167 586 1312
168 632 1411
169 960 920
170 866 1395
171 513 1237
172 737 1279
173 456 1014
174 627 1351
175 480 1354
176 711 167
177 1155 1504
178 1395 1067
179 492 215
180 779 1826
181 1150 1469
182 453 1589
183 938 92
184 1012 1778
185 618 338
186 1340 922
187 1022 109
188 992 178
189 308 1638
190 807 1791
191 609 356
192 990 156
193 1029 1781
194 505 1581
195 105 1530
196 1019 1681
197 893 321
198 1310 796
199 867 236
200 970 1673
DEMAND_SECTION  
0 0 
1 1
2 1
3 3
4 2
5 2
6 2
7 1
8 1
9 2
10 3
11 3
12 3
13 1
14 1
15 3
16 1
17 2
18 3
19 3
20 2
21 2
22 3
23 1
24 1
25 2
26 1
27 3
28 1
29 1
30 1
31 2
32 2
33 1
34 1
35 3
36 1
37 1
38 1
39 1
40 1
41 3
42 1
43 1
44 1
45 3
46 2
47 3
48 1
49 2
50 1
51 2
52 1
53 1
54 1
55 3
56 2
57 1
58 2
59 1
60 2
61 2
62 2
63 2
64 3
65 1
66 1
67 1
68 3
69 1
70 1
71 1
72 2
73 1
74 1
75 2
76 3
77 2
78 1
79 3
80 2
81 2
82 3
83 2
84 1
85 1
86 2
87 3
88 2
89 2
90 1
91 2
92 3
93 2
94 3
95 3
96 3
97 3
98 1
99 2
100 1
101 2
102 1
103 1
104 1
105 1
106 1
107 2
108 2
109 1
110 1
111 3
112 3
113 2
114 1
115 1
116 2
117 1
118 1
119 1
120 2
121 1
122 1
123 3
124 3
125 1
126 2
127 2
128 1
129 1
130 1
131 2
132 2
133 2
134 2
135 1
136 2
137 1
138 2
139 3
140 1
141 1
142 2
143 2
144 1
145 2
146 3
147 2
148 1
149 1
150 1
151 1
152 2
153 2
154 1
155 1
156 1
157 2
158 3
159 2
160 2
161 3
162 3
163 2
164 2
165 3
166 1
167 1
168 2
169 2
170 1
171 2
172 2
173 3
174 2
175 1
176 2
177 3
178 1
179 3
180 1
181 3
182 1
183 2
184 1
185 1
186 2
187 2
188 2
189 1
190 2
191 1
192 3
193 1
194 3
195 1
196 2
197 1
198 3
199 1
200 2
SERVING_TIME_BY_THE_TRUCK 
0 0 
1 4
2 5
3 4
4 4
5 5
6 5
7 5
8 3
9 4
10 4
11 3
12 3
13 4
14 4
15 3
16 4
17 4
18 3
19 2
20 4
21 5
22 2
23 3
24 2
25 2
26 2
27 4
28 5
29 4
30 4
31 3
32 4
33 2
34 2
35 3
36 4
37 2
38 2
39 4
40 3
41 4
42 2
43 4
44 5
45 4
46 5
47 2
48 3
49 4
50 2
51 4
52 4
53 4
54 3
55 4
56 5
57 3
58 2
59 4
60 2
61 4
62 4
63 4
64 4
65 4
66 5
67 4
68 3
69 5
70 4
71 3
72 4
73 4
74 5
75 5
76 3
77 2
78 3
79 4
80 3
81 5
82 4
83 4
84 4
85 4
86 2
87 4
88 4
89 4
90 4
91 4
92 3
93 4
94 5
95 4
96 4
97 3
98 4
99 3
100 2
101 3
102 4
103 4
104 5
105 3
106 3
107 5
108 3
109 4
110 3
111 3
112 3
113 2
114 3
115 4
116 3
117 3
118 2
119 4
120 2
121 2
122 3
123 3
124 4
125 5
126 4
127 2
128 4
129 4
130 3
131 5
132 2
133 5
134 3
135 4
136 4
137 2
138 3
139 3
140 3
141 3
142 4
143 3
144 3
145 2
146 5
147 3
148 2
149 5
150 4
151 3
152 5
153 2
154 5
155 5
156 4
157 2
158 2
159 4
160 5
161 3
162 3
163 4
164 3
165 4
166 2
167 3
168 4
169 3
170 2
171 2
172 4
173 4
174 2
175 3
176 4
177 3
178 4
179 3
180 4
181 5
182 3
183 4
184 4
185 4
186 5
187 3
188 4
189 5
190 2
191 5
192 3
193 4
194 5
195 2
196 5
197 3
198 4
199 4
200 4
EOF 
