NAME : Leuven1_N28_c3
DIMENSION : 28
EDGE_WEIGHT_TYPE : EUC_2D  
NODE_COORD_SECTION  
0 700 1000
1 658 1280
2 455 1156
3 697 1276
4 236 1299
5 320 1352
6 468 1115
7 636 1360
8 613 1441
9 1231 759
10 893 768
11 616 1573
12 616 1164
13 658 852
14 558 1500
15 590 1232
16 524 1081
17 851 1252
18 671 1144
19 906 1105
20 662 1488
21 863 1290
22 682 1303
23 674 1105
24 513 1297
25 996 1867
26 770 1784
27 496 1233
DEMAND_SECTION  
0 0 
1 2
2 3
3 1
4 1
5 1
6 3
7 2
8 1
9 2
10 1
11 2
12 3
13 2
14 2
15 2
16 1
17 2
18 1
19 1
20 3
21 1
22 2
23 2
24 2
25 1
26 1
27 1
SERVING_TIME_BY_THE_TRUCK 
0 0 
1 3
2 5
3 3
4 4
5 3
6 5
7 3
8 3
9 3
10 3
11 2
12 3
13 5
14 4
15 5
16 3
17 3
18 2
19 4
20 4
21 3
22 3
23 5
24 3
25 4
26 5
27 3
EOF 
