NAME : Leuven1_N19_c5
DIMENSION : 19
EDGE_WEIGHT_TYPE : EUC_2D  
NODE_COORD_SECTION  
0 700 1000
1 969 1084
2 768 1175
3 932 962
4 665 1191
5 670 1117
6 863 744
7 457 1534
8 541 1056
9 387 1334
10 567 1346
11 768 1124
12 1012 795
13 567 1566
14 1002 908
15 593 761
16 650 1008
17 238 1498
18 784 1815
DEMAND_SECTION  
0 0 
1 2
2 1
3 1
4 1
5 1
6 2
7 2
8 1
9 3
10 2
11 1
12 2
13 2
14 2
15 3
16 2
17 1
18 3
SERVING_TIME_BY_THE_TRUCK 
0 0 
1 4
2 3
3 3
4 4
5 2
6 3
7 2
8 4
9 3
10 3
11 2
12 2
13 3
14 4
15 3
16 3
17 3
18 3
EOF 
