NAME : Leuven1_N31_a1
DIMENSION : 31
EDGE_WEIGHT_TYPE : EUC_2D  
NODE_COORD_SECTION  
0 700 1000
1 552 985
2 815 1036
3 781 1242
4 599 1046
5 846 1077
6 727 1271
7 972 1218
8 658 1192
9 484 1286
10 765 1342
11 1201 1255
12 424 1285
13 590 1572
14 599 883
15 541 1269
16 581 1165
17 1095 1023
18 510 1390
19 475 1019
20 1183 1191
21 583 1373
22 288 1131
23 534 1124
24 701 1548
25 900 711
26 1003 1451
27 886 1277
28 941 177
29 941 1694
30 604 1631
DEMAND_SECTION  
0 0
1 1
2 1
3 1
4 1
5 1
6 1
7 1
8 1
9 3
10 1
11 1
12 1
13 1
14 3
15 1
16 1
17 2
18 1
19 3
20 2
21 1
22 2
23 3
24 1
25 3
26 1
27 1
28 1
29 2
30 3
SERVING_TIME_BY_THE_TRUCK 
0 0
1 4
2 3
3 2
4 3
5 4
6 4
7 2
8 3
9 3
10 2
11 4
12 4
13 4
14 4
15 5
16 2
17 2
18 5
19 4
20 3
21 4
22 3
23 2
24 5
25 4
26 3
27 4
28 3
29 4
30 2
EOF 
