NAME : Leuven1_N28_c1
DIMENSION : 28
EDGE_WEIGHT_TYPE : EUC_2D  
NODE_COORD_SECTION  
0 700 1000
1 716 1096
2 721 1229
3 639 1199
4 375 1468
5 821 1384
6 1159 803
7 993 1267
8 636 1360
9 733 1380
10 244 1244
11 947 743
12 1138 824
13 574 964
14 919 1073
15 503 1473
16 536 1283
17 658 1192
18 914 1060
19 1057 1035
20 766 1291
21 906 973
22 671 1289
23 470 1179
24 650 1189
25 823 1777
26 1012 1755
27 624 378
DEMAND_SECTION  
0 0 
1 1
2 3
3 2
4 1
5 1
6 1
7 1
8 2
9 1
10 1
11 2
12 1
13 3
14 2
15 3
16 1
17 1
18 3
19 1
20 1
21 2
22 1
23 1
24 1
25 3
26 1
27 1
SERVING_TIME_BY_THE_TRUCK 
0 0 
1 4
2 3
3 2
4 4
5 3
6 4
7 3
8 3
9 4
10 3
11 5
12 5
13 3
14 4
15 2
16 4
17 5
18 3
19 4
20 3
21 5
22 2
23 3
24 3
25 5
26 4
27 5
EOF 
