NAME : Leuven1_N28_a1
DIMENSION : 28
EDGE_WEIGHT_TYPE : EUC_2D  
NODE_COORD_SECTION  
0 700 1000
1 716 1096
2 721 1229
3 639 1199
4 244 1244
5 574 964
6 919 1073
7 536 1283
8 914 1060
9 470 1179
10 650 1189
11 375 1468
12 947 743
13 1138 824
14 658 1192
15 766 1291
16 906 973
17 671 1289
18 821 1384
19 1159 803
20 993 1267
21 636 1360
22 733 1380
23 503 1473
24 1057 1035
25 823 1777
26 1012 1755
27 624 378
DEMAND_SECTION  
0 0
1 1
2 3
3 2
4 1
5 3
6 2
7 1
8 3
9 1
10 1
11 1
12 2
13 1
14 1
15 1
16 2
17 1
18 1
19 1
20 1
21 2
22 1
23 3
24 1
25 3
26 1
27 1
SERVING_TIME_BY_THE_TRUCK 
0 0
1 4
2 3
3 2
4 3
5 3
6 4
7 4
8 3
9 3
10 3
11 4
12 5
13 5
14 5
15 3
16 5
17 2
18 3
19 4
20 3
21 3
22 4
23 2
24 4
25 5
26 4
27 5
EOF 
