NAME : Leuven1_N201_b5
DIMENSION : 201
EDGE_WEIGHT_TYPE : EUC_2D  
NODE_COORD_SECTION  
0 700 1000
1 834 752
2 739 1030
3 627 1232
4 679 1175
5 617 1227
6 595 1070
7 970 943
8 768 1285
9 908 1202
10 600 972
11 655 1232
12 825 1092
13 452 1116
14 831 1061
15 736 1184
16 658 1280
17 581 1246
18 597 1153
19 840 1264
20 621 1086
21 481 1172
22 693 1103
23 493 1176
24 829 1261
25 752 1160
26 533 1375
27 999 1277
28 730 1070
29 784 1245
30 688 1436
31 1085 909
32 919 1032
33 793 1277
34 624 958
35 664 1105
36 632 1178
37 702 1140
38 850 1027
39 693 1145
40 446 1223
41 874 1079
42 698 1248
43 604 1195
44 542 1372
45 1097 1065
46 371 1109
47 807 1230
48 707 1284
49 572 1179
50 654 937
51 944 1196
52 645 667
53 926 1414
54 601 1292
55 1052 1184
56 338 1371
57 958 1385
58 914 1296
59 387 1217
60 693 1327
61 485 1399
62 941 974
63 377 1284
64 653 1450
65 857 1319
66 858 1048
67 650 1055
68 767 1299
69 827 1063
70 690 1273
71 900 1373
72 568 1134
73 960 920
74 536 1283
75 1092 1043
76 659 1214
77 599 883
78 1014 1295
79 636 1513
80 1010 1296
81 697 1364
82 379 1309
83 858 1187
84 359 1208
85 601 1219
86 1003 1294
87 754 1250
88 823 1303
89 1097 1207
90 801 1097
91 519 1252
92 963 1261
93 513 1237
94 579 1392
95 708 1520
96 1015 1218
97 653 1275
98 288 1131
99 464 1199
100 644 1202
101 929 1139
102 966 1056
103 637 1071
104 951 1071
105 716 1048
106 626 1111
107 1045 856
108 840 1282
109 669 1183
110 580 1465
111 702 1198
112 672 1092
113 764 421
114 851 1252
115 641 1188
116 552 1005
117 1042 1201
118 776 1194
119 583 1405
120 628 1112
121 989 1011
122 683 1103
123 212 1247
124 768 1177
125 569 1110
126 749 1597
127 611 1283
128 1031 1202
129 655 1096
130 602 1017
131 619 1112
132 508 1413
133 869 626
134 595 1192
135 1192 1089
136 1017 1076
137 923 1320
138 1070 1188
139 616 1380
140 660 1065
141 687 1201
142 914 1373
143 747 901
144 660 1282
145 812 1362
146 969 1084
147 639 1121
148 651 1084
149 962 1097
150 597 1587
151 284 1368
152 767 1579
153 968 1377
154 713 1406
155 596 1587
156 1183 1191
157 1148 697
158 676 1527
159 553 1576
160 702 1345
161 914 1152
162 326 1303
163 1082 764
164 545 1430
165 632 1179
166 443 1259
167 844 1496
168 632 1411
169 224 1346
170 268 1400
171 1025 1254
172 758 592
173 995 1488
174 1005 1447
175 616 1202
176 389 1616
177 1115 1832
178 840 100
179 560 166
180 1050 1876
181 873 243
182 649 274
183 505 1581
184 831 1840
185 935 103
186 924 180
187 371 1644
188 633 398
189 933 144
190 501 91
191 914 1797
192 499 108
193 569 49
194 1037 1760
195 1340 922
196 898 277
197 315 1641
198 806 363
199 768 361
200 814 1797
DEMAND_SECTION  
0 0
1 2
2 1
3 3
4 1
5 2
6 1
7 1
8 2
9 3
10 3
11 1
12 1
13 3
14 1
15 1
16 2
17 1
18 3
19 1
20 3
21 1
22 1
23 3
24 2
25 3
26 3
27 1
28 1
29 3
30 1
31 1
32 2
33 1
34 1
35 1
36 2
37 1
38 2
39 1
40 1
41 1
42 3
43 2
44 2
45 1
46 2
47 3
48 1
49 1
50 2
51 2
52 2
53 1
54 2
55 1
56 2
57 2
58 2
59 1
60 1
61 1
62 1
63 2
64 2
65 2
66 2
67 1
68 1
69 3
70 1
71 3
72 3
73 2
74 1
75 2
76 3
77 3
78 2
79 2
80 3
81 2
82 2
83 1
84 2
85 1
86 2
87 3
88 3
89 1
90 3
91 1
92 1
93 2
94 1
95 2
96 2
97 3
98 2
99 1
100 2
101 1
102 1
103 2
104 1
105 2
106 1
107 2
108 2
109 2
110 1
111 1
112 1
113 3
114 2
115 3
116 3
117 3
118 3
119 1
120 1
121 2
122 1
123 1
124 3
125 1
126 2
127 1
128 1
129 2
130 1
131 3
132 2
133 1
134 2
135 1
136 1
137 1
138 1
139 1
140 3
141 1
142 2
143 1
144 3
145 1
146 2
147 3
148 1
149 2
150 1
151 1
152 3
153 1
154 1
155 1
156 2
157 1
158 1
159 2
160 1
161 1
162 1
163 1
164 1
165 1
166 1
167 1
168 2
169 2
170 3
171 2
172 3
173 1
174 1
175 2
176 1
177 1
178 1
179 2
180 2
181 2
182 3
183 3
184 1
185 1
186 1
187 1
188 1
189 1
190 1
191 1
192 3
193 2
194 2
195 2
196 2
197 1
198 1
199 2
200 1
SERVING_TIME_BY_THE_TRUCK 
0 0
1 2
2 3
3 3
4 5
5 3
6 2
7 5
8 3
9 4
10 3
11 4
12 2
13 3
14 2
15 5
16 2
17 3
18 5
19 2
20 2
21 4
22 4
23 4
24 4
25 3
26 5
27 3
28 3
29 3
30 3
31 3
32 2
33 4
34 3
35 5
36 5
37 5
38 4
39 3
40 3
41 3
42 2
43 5
44 4
45 5
46 2
47 5
48 4
49 4
50 4
51 5
52 3
53 3
54 4
55 3
56 4
57 2
58 5
59 3
60 2
61 3
62 4
63 3
64 5
65 2
66 3
67 4
68 4
69 5
70 4
71 4
72 3
73 3
74 5
75 4
76 4
77 4
78 4
79 5
80 4
81 4
82 2
83 5
84 2
85 3
86 2
87 4
88 5
89 3
90 4
91 2
92 5
93 5
94 4
95 4
96 4
97 2
98 2
99 4
100 3
101 5
102 4
103 4
104 2
105 2
106 3
107 5
108 4
109 2
110 5
111 4
112 2
113 4
114 2
115 2
116 5
117 3
118 3
119 2
120 5
121 3
122 4
123 3
124 3
125 3
126 3
127 4
128 4
129 2
130 2
131 4
132 5
133 3
134 4
135 3
136 4
137 3
138 2
139 4
140 4
141 4
142 2
143 3
144 3
145 4
146 4
147 4
148 2
149 3
150 5
151 3
152 4
153 2
154 3
155 3
156 4
157 2
158 4
159 4
160 4
161 5
162 3
163 3
164 3
165 3
166 3
167 4
168 5
169 3
170 5
171 4
172 2
173 3
174 4
175 5
176 5
177 4
178 4
179 5
180 3
181 3
182 4
183 4
184 2
185 4
186 3
187 3
188 2
189 3
190 3
191 4
192 5
193 4
194 4
195 4
196 3
197 5
198 3
199 2
200 4
EOF 
