NAME : Leuven1_N37_a4
DIMENSION : 37
EDGE_WEIGHT_TYPE : EUC_2D  
NODE_COORD_SECTION  
0 700 1000
1 728 1104
2 631 1135
3 508 929
4 471 1158
5 919 1250
6 779 1371
7 702 1066
8 557 994
9 1139 1186
10 760 1171
11 658 1192
12 849 1367
13 814 1107
14 270 1346
15 868 1277
16 607 1228
17 583 1276
18 600 1200
19 513 1194
20 561 1029
21 479 1456
22 1198 1020
23 750 1207
24 830 1568
25 1206 1085
26 693 1444
27 560 1554
28 394 1444
29 706 661
30 821 1208
31 467 1305
32 484 1286
33 806 363
34 393 1674
35 790 349
36 891 374
DEMAND_SECTION  
0 0
1 1
2 2
3 2
4 1
5 2
6 1
7 1
8 1
9 1
10 1
11 1
12 1
13 1
14 2
15 2
16 3
17 1
18 2
19 1
20 2
21 2
22 1
23 3
24 1
25 1
26 2
27 3
28 2
29 2
30 2
31 1
32 3
33 1
34 3
35 1
36 3
SERVING_TIME_BY_THE_TRUCK 
0 0
1 2
2 5
3 4
4 4
5 3
6 4
7 4
8 4
9 3
10 5
11 3
12 5
13 3
14 4
15 3
16 4
17 2
18 4
19 4
20 4
21 4
22 3
23 2
24 4
25 4
26 5
27 4
28 4
29 2
30 3
31 4
32 4
33 3
34 3
35 2
36 3
EOF 
