NAME : Leuven1_N25_a1
DIMENSION : 25
EDGE_WEIGHT_TYPE : EUC_2D  
NODE_COORD_SECTION  
0 700 1000
1 640 1238
2 690 1183
3 598 1207
4 751 1109
5 473 1132
6 429 1139
7 880 1279
8 1043 1245
9 972 1354
10 880 1074
11 296 1105
12 975 1271
13 891 680
14 1093 1148
15 1080 1055
16 821 1061
17 492 1559
18 1168 983
19 541 1362
20 676 1557
21 665 1446
22 914 1797
23 1037 1779
24 886 1876
DEMAND_SECTION  
0 0
1 3
2 1
3 1
4 1
5 2
6 1
7 3
8 3
9 3
10 2
11 2
12 2
13 1
14 1
15 1
16 1
17 2
18 1
19 3
20 1
21 3
22 1
23 1
24 1
SERVING_TIME_BY_THE_TRUCK 
0 0
1 2
2 3
3 2
4 3
5 3
6 3
7 2
8 4
9 4
10 2
11 5
12 3
13 2
14 2
15 2
16 2
17 3
18 4
19 5
20 3
21 5
22 4
23 4
24 4
EOF 
