NAME : Leuven1_N37_b3
DIMENSION : 37
EDGE_WEIGHT_TYPE : EUC_2D  
NODE_COORD_SECTION  
0 700 1000
1 662 1109
2 784 1245
3 529 1021
4 536 764
5 459 1216
6 796 1145
7 455 1295
8 828 1342
9 905 1167
10 888 706
11 1185 1186
12 475 1014
13 714 1327
14 655 1134
15 1115 1424
16 620 1266
17 425 1212
18 587 1090
19 742 1319
20 1229 861
21 732 1260
22 618 1532
23 617 479
24 1056 1158
25 604 1424
26 882 741
27 924 1292
28 1172 925
29 1042 1435
30 1045 1339
31 1188 1004
32 1071 962
33 916 1778
34 601 232
35 316 1468
36 814 1773
DEMAND_SECTION  
0 0
1 2
2 3
3 2
4 1
5 2
6 1
7 2
8 1
9 1
10 1
11 3
12 3
13 1
14 1
15 2
16 2
17 2
18 1
19 1
20 1
21 3
22 1
23 2
24 1
25 1
26 1
27 3
28 2
29 2
30 1
31 3
32 3
33 2
34 1
35 3
36 1
SERVING_TIME_BY_THE_TRUCK 
0 0
1 4
2 2
3 5
4 5
5 4
6 4
7 3
8 3
9 2
10 2
11 4
12 3
13 5
14 3
15 2
16 3
17 3
18 5
19 4
20 2
21 2
22 4
23 4
24 3
25 5
26 3
27 4
28 2
29 4
30 4
31 4
32 3
33 4
34 3
35 5
36 3
EOF 
