NAME : Leuven1_N19_b5
DIMENSION : 19
EDGE_WEIGHT_TYPE : EUC_2D  
NODE_COORD_SECTION  
0 700 1000
1 969 1084
2 768 1175
3 932 962
4 1002 908
5 670 1117
6 457 1534
7 541 1056
8 387 1334
9 567 1346
10 768 1124
11 1012 795
12 567 1566
13 593 761
14 650 1008
15 665 1191
16 863 744
17 238 1498
18 784 1815
DEMAND_SECTION  
0 0
1 2
2 1
3 1
4 2
5 1
6 2
7 1
8 3
9 2
10 1
11 2
12 2
13 3
14 2
15 1
16 2
17 1
18 3
SERVING_TIME_BY_THE_TRUCK 
0 0
1 4
2 3
3 3
4 4
5 2
6 2
7 4
8 3
9 3
10 2
11 2
12 3
13 3
14 3
15 4
16 3
17 3
18 3
EOF 
