NAME : Leuven1_N37_a5
DIMENSION : 37
EDGE_WEIGHT_TYPE : EUC_2D  
NODE_COORD_SECTION  
0 700 1000
1 679 1217
2 920 1105
3 675 1139
4 634 1172
5 763 1319
6 829 1295
7 520 1313
8 841 1315
9 977 1204
10 620 1497
11 1043 736
12 918 949
13 662 1009
14 821 1542
15 431 1275
16 626 1339
17 744 1127
18 891 1188
19 801 1097
20 737 1325
21 1121 1151
22 378 1447
23 501 974
24 987 1468
25 961 759
26 599 1509
27 787 1333
28 567 1497
29 861 1286
30 930 961
31 1126 940
32 1148 773
33 947 21
34 111 1508
35 790 349
36 865 1844
DEMAND_SECTION  
0 0
1 1
2 1
3 1
4 1
5 3
6 2
7 1
8 1
9 1
10 1
11 3
12 3
13 1
14 1
15 1
16 1
17 2
18 3
19 3
20 1
21 1
22 1
23 3
24 3
25 1
26 2
27 3
28 1
29 1
30 2
31 1
32 2
33 3
34 2
35 1
36 3
SERVING_TIME_BY_THE_TRUCK 
0 0
1 3
2 3
3 2
4 3
5 3
6 3
7 5
8 2
9 2
10 4
11 4
12 5
13 3
14 2
15 3
16 3
17 3
18 4
19 3
20 4
21 3
22 2
23 5
24 4
25 3
26 4
27 5
28 4
29 3
30 3
31 4
32 4
33 5
34 4
35 5
36 3
EOF 
