NAME : Leuven1_N25_b4
DIMENSION : 25
EDGE_WEIGHT_TYPE : EUC_2D  
NODE_COORD_SECTION  
0 700 1000
1 581 1196
2 631 1135
3 457 1138
4 676 1447
5 670 1117
6 817 1180
7 575 1289
8 1139 1186
9 602 1287
10 678 1021
11 854 1001
12 1159 1076
13 298 1135
14 574 964
15 644 1370
16 627 1341
17 849 1367
18 866 1395
19 609 1437
20 822 740
21 439 1275
22 1021 1775
23 612 1659
24 1023 170
DEMAND_SECTION  
0 0
1 3
2 2
3 1
4 1
5 1
6 3
7 1
8 1
9 2
10 1
11 1
12 3
13 1
14 3
15 1
16 2
17 1
18 1
19 1
20 2
21 3
22 1
23 3
24 3
SERVING_TIME_BY_THE_TRUCK 
0 0
1 3
2 4
3 4
4 5
5 4
6 4
7 4
8 3
9 3
10 5
11 4
12 4
13 4
14 4
15 4
16 3
17 4
18 3
19 4
20 2
21 4
22 4
23 3
24 4
EOF 
