NAME : Leuven1_N25_c3
DIMENSION : 25
EDGE_WEIGHT_TYPE : EUC_2D  
NODE_COORD_SECTION  
0 700 1000
1 821 1254
2 698 1248
3 885 1205
4 703 1517
5 970 1270
6 654 1305
7 986 1328
8 734 1387
9 690 1131
10 707 1016
11 854 1001
12 858 1048
13 1001 1219
14 639 1018
15 766 1287
16 616 1259
17 1002 1360
18 671 1199
19 919 1115
20 856 1356
21 742 1141
22 597 248
23 961 142
24 1078 1890
DEMAND_SECTION  
0 0 
1 3
2 3
3 3
4 1
5 3
6 1
7 1
8 1
9 3
10 1
11 1
12 2
13 2
14 1
15 1
16 1
17 1
18 1
19 1
20 1
21 2
22 3
23 2
24 2
SERVING_TIME_BY_THE_TRUCK 
0 0 
1 3
2 4
3 5
4 2
5 4
6 3
7 3
8 4
9 4
10 5
11 3
12 4
13 3
14 4
15 4
16 5
17 3
18 2
19 3
20 3
21 2
22 4
23 4
24 4
EOF 
