NAME : Leuven1_N22_a4
DIMENSION : 22
EDGE_WEIGHT_TYPE : EUC_2D  
NODE_COORD_SECTION  
0 700 1000
1 619 1063
2 758 1163
3 655 1018
4 532 1203
5 855 733
6 891 775
7 999 1277
8 731 1115
9 881 784
10 669 1182
11 819 1112
12 735 1306
13 533 1375
14 728 1251
15 1166 1085
16 566 1286
17 742 1532
18 898 1250
19 708 1453
20 561 1688
21 846 1721
DEMAND_SECTION  
0 0
1 1
2 2
3 1
4 2
5 1
6 1
7 1
8 2
9 2
10 3
11 1
12 3
13 3
14 1
15 1
16 1
17 1
18 1
19 1
20 1
21 1
SERVING_TIME_BY_THE_TRUCK 
0 0
1 5
2 3
3 3
4 3
5 5
6 4
7 5
8 3
9 4
10 4
11 4
12 4
13 2
14 3
15 5
16 5
17 3
18 3
19 4
20 3
21 3
EOF 
