NAME : Leuven1_N19_a4
DIMENSION : 19
EDGE_WEIGHT_TYPE : EUC_2D  
NODE_COORD_SECTION  
0 700 1000
1 496 1164
2 638 1245
3 715 1186
4 590 924
5 567 1566
6 861 654
7 687 1378
8 758 592
9 814 833
10 594 1181
11 357 1433
12 224 1292
13 536 1377
14 538 1178
15 326 1370
16 880 1074
17 724 251
18 1020 1836
DEMAND_SECTION  
0 0
1 1
2 1
3 2
4 1
5 2
6 3
7 1
8 3
9 1
10 1
11 3
12 2
13 1
14 1
15 2
16 2
17 3
18 1
SERVING_TIME_BY_THE_TRUCK 
0 0
1 4
2 5
3 4
4 3
5 4
6 4
7 4
8 5
9 3
10 3
11 5
12 3
13 3
14 3
15 3
16 4
17 5
18 5
EOF 
