NAME : Leuven1_N201_b2
DIMENSION : 201
EDGE_WEIGHT_TYPE : EUC_2D  
NODE_COORD_SECTION  
0 700 1000
1 681 1280
2 697 1008
3 851 1252
4 704 1005
5 685 1153
6 450 1155
7 652 1163
8 684 1011
9 847 1048
10 859 929
11 691 1069
12 742 1141
13 731 1140
14 599 883
15 770 1284
16 898 1141
17 839 1222
18 472 1047
19 686 1279
20 729 1103
21 729 1069
22 693 1185
23 671 1289
24 659 1214
25 884 1069
26 486 1278
27 1084 1156
28 741 1208
29 823 1276
30 545 1198
31 961 759
32 814 1372
33 765 1342
34 473 1132
35 1229 861
36 634 1103
37 726 1135
38 987 737
39 924 1209
40 616 1202
41 496 1233
42 506 1082
43 562 1122
44 672 1092
45 527 1186
46 891 1188
47 656 641
48 687 1213
49 505 1247
50 679 1175
51 914 1296
52 689 1353
53 1005 1090
54 589 1418
55 1188 1108
56 513 1237
57 672 1343
58 1113 757
59 729 557
60 861 1286
61 980 1324
62 669 1404
63 910 1280
64 1019 1292
65 1249 835
66 742 1428
67 727 1307
68 472 1379
69 349 1192
70 933 1170
71 788 744
72 663 1387
73 378 1447
74 852 1026
75 770 1242
76 471 1044
77 496 1171
78 443 1395
79 911 1328
80 906 1105
81 1043 930
82 673 1280
83 1012 752
84 614 1343
85 661 1464
86 721 1229
87 972 1218
88 431 1275
89 849 791
90 728 1251
91 693 1145
92 688 1376
93 1185 1186
94 660 1289
95 482 1013
96 709 1177
97 900 1197
98 1061 723
99 688 1010
100 765 1449
101 870 616
102 600 1129
103 1034 1018
104 921 949
105 747 1059
106 970 1017
107 583 1372
108 431 1176
109 1168 983
110 690 1046
111 381 1242
112 935 1368
113 690 1477
114 725 1193
115 765 451
116 308 1381
117 491 985
118 681 1136
119 632 1059
120 747 1384
121 823 1183
122 986 1220
123 739 1030
124 652 940
125 805 1082
126 738 1435
127 902 1270
128 775 1315
129 863 1119
130 345 1283
131 590 1232
132 468 1351
133 855 733
134 468 1285
135 804 1065
136 728 1183
137 320 1300
138 566 1249
139 583 785
140 263 1391
141 617 613
142 742 1178
143 713 1406
144 510 1265
145 627 990
146 648 1499
147 793 1308
148 1085 760
149 268 1400
150 599 1221
151 1047 1353
152 956 1307
153 405 1442
154 419 1183
155 286 1303
156 399 1339
157 330 1448
158 1031 1202
159 708 1453
160 888 1351
161 456 1046
162 867 1290
163 1045 856
164 420 1121
165 224 1292
166 990 780
167 611 1282
168 768 1374
169 338 1371
170 919 1218
171 626 1339
172 651 1453
173 788 1271
174 1153 956
175 471 1332
176 548 220
177 833 327
178 868 1765
179 357 1607
180 867 236
181 606 215
182 790 1888
183 949 1755
184 979 1703
185 853 1739
186 373 1591
187 772 1742
188 536 276
189 779 1826
190 948 1755
191 902 265
192 606 326
193 995 1720
194 1281 1201
195 543 1678
196 1269 1222
197 1012 1653
198 229 1392
199 535 244
200 180 1570
DEMAND_SECTION  
0 0
1 3
2 1
3 2
4 1
5 1
6 3
7 1
8 3
9 2
10 2
11 1
12 2
13 2
14 3
15 2
16 3
17 1
18 2
19 2
20 2
21 1
22 1
23 1
24 3
25 2
26 1
27 2
28 1
29 1
30 1
31 1
32 1
33 1
34 2
35 1
36 1
37 1
38 2
39 1
40 2
41 1
42 3
43 1
44 1
45 1
46 3
47 2
48 3
49 1
50 1
51 2
52 3
53 1
54 3
55 1
56 2
57 1
58 2
59 1
60 1
61 3
62 2
63 2
64 2
65 2
66 1
67 3
68 2
69 3
70 2
71 2
72 2
73 1
74 3
75 1
76 3
77 3
78 1
79 1
80 1
81 2
82 1
83 1
84 2
85 1
86 3
87 1
88 1
89 2
90 1
91 1
92 2
93 3
94 1
95 2
96 1
97 2
98 1
99 1
100 2
101 1
102 3
103 1
104 2
105 2
106 1
107 3
108 2
109 1
110 3
111 1
112 1
113 3
114 2
115 1
116 1
117 3
118 1
119 2
120 2
121 3
122 1
123 1
124 1
125 1
126 3
127 1
128 1
129 1
130 2
131 2
132 2
133 1
134 1
135 1
136 3
137 1
138 1
139 2
140 3
141 1
142 1
143 1
144 1
145 3
146 3
147 2
148 1
149 3
150 1
151 3
152 2
153 1
154 3
155 1
156 2
157 1
158 1
159 1
160 3
161 1
162 3
163 2
164 3
165 2
166 2
167 2
168 2
169 1
170 1
171 1
172 2
173 3
174 1
175 2
176 1
177 1
178 1
179 1
180 1
181 2
182 1
183 1
184 2
185 2
186 2
187 2
188 2
189 1
190 1
191 3
192 2
193 1
194 2
195 1
196 1
197 3
198 1
199 1
200 2
SERVING_TIME_BY_THE_TRUCK 
0 0
1 2
2 4
3 3
4 4
5 5
6 3
7 3
8 3
9 5
10 3
11 4
12 3
13 3
14 2
15 2
16 4
17 3
18 4
19 2
20 4
21 3
22 4
23 2
24 4
25 3
26 4
27 4
28 2
29 3
30 4
31 4
32 3
33 3
34 3
35 2
36 4
37 5
38 3
39 5
40 3
41 5
42 5
43 4
44 5
45 4
46 2
47 5
48 3
49 2
50 5
51 5
52 3
53 5
54 3
55 3
56 5
57 3
58 2
59 3
60 3
61 3
62 2
63 5
64 5
65 4
66 2
67 4
68 5
69 3
70 4
71 5
72 3
73 2
74 4
75 5
76 4
77 4
78 3
79 3
80 3
81 4
82 3
83 2
84 3
85 4
86 4
87 3
88 4
89 3
90 2
91 5
92 5
93 3
94 2
95 3
96 3
97 4
98 4
99 5
100 3
101 4
102 3
103 4
104 3
105 4
106 3
107 2
108 3
109 5
110 4
111 3
112 3
113 4
114 4
115 4
116 5
117 4
118 3
119 3
120 3
121 2
122 5
123 2
124 2
125 5
126 2
127 2
128 5
129 3
130 4
131 3
132 2
133 2
134 5
135 4
136 3
137 4
138 2
139 4
140 2
141 3
142 2
143 5
144 2
145 4
146 4
147 4
148 5
149 2
150 3
151 2
152 4
153 3
154 3
155 3
156 4
157 4
158 2
159 5
160 5
161 3
162 4
163 3
164 2
165 3
166 4
167 3
168 4
169 2
170 4
171 5
172 3
173 3
174 4
175 2
176 4
177 4
178 5
179 4
180 2
181 3
182 4
183 4
184 4
185 3
186 4
187 3
188 3
189 3
190 4
191 3
192 5
193 4
194 3
195 3
196 3
197 3
198 5
199 2
200 4
EOF 
