NAME : Leuven1_N101_c2
DIMENSION : 101
EDGE_WEIGHT_TYPE : EUC_2D  
NODE_COORD_SECTION  
0 700 1000
1 845 1187
2 669 1182
3 539 1193
4 539 1101
5 768 1124
6 823 1183
7 675 1169
8 620 1266
9 679 1113
10 538 1178
11 543 1031
12 660 1289
13 249 1200
14 622 1346
15 826 1288
16 482 1512
17 632 1493
18 993 1183
19 867 1290
20 618 1332
21 443 1502
22 377 1328
23 1036 1115
24 698 1092
25 616 1162
26 1084 1086
27 668 1397
28 622 1188
29 597 1420
30 423 1172
31 646 1195
32 835 1014
33 849 791
34 905 1259
35 564 1137
36 697 1089
37 562 1564
38 550 1459
39 320 1300
40 596 1225
41 536 1148
42 669 1183
43 812 1049
44 1184 709
45 637 1062
46 1125 1034
47 676 1216
48 702 1066
49 431 1349
50 765 1136
51 486 1414
52 706 661
53 713 1406
54 863 1293
55 807 1268
56 343 1167
57 424 1271
58 597 1587
59 617 1486
60 357 1433
61 428 1005
62 575 1278
63 664 1267
64 854 1152
65 339 1293
66 647 1312
67 970 1099
68 552 985
69 648 1499
70 982 839
71 1097 1065
72 759 1256
73 650 1189
74 723 1582
75 509 1191
76 963 1261
77 898 1081
78 249 1252
79 887 1002
80 858 1333
81 684 935
82 941 968
83 849 777
84 588 1458
85 518 1003
86 657 1171
87 1138 1205
88 987 737
89 113 1584
90 926 190
91 107 1543
92 867 236
93 828 1751
94 589 210
95 613 318
96 72 1545
97 410 1657
98 467 169
99 796 292
100 420 1640
DEMAND_SECTION  
0 0 
1 1
2 3
3 1
4 1
5 1
6 3
7 2
8 2
9 3
10 1
11 3
12 1
13 3
14 1
15 3
16 1
17 2
18 1
19 3
20 1
21 3
22 1
23 1
24 1
25 1
26 2
27 2
28 3
29 1
30 1
31 1
32 3
33 2
34 1
35 3
36 1
37 3
38 3
39 1
40 1
41 1
42 2
43 3
44 1
45 2
46 1
47 1
48 1
49 2
50 1
51 1
52 2
53 1
54 2
55 2
56 1
57 3
58 1
59 1
60 3
61 2
62 1
63 1
64 1
65 1
66 1
67 2
68 1
69 3
70 2
71 1
72 1
73 1
74 1
75 1
76 1
77 2
78 3
79 2
80 1
81 1
82 1
83 1
84 3
85 2
86 3
87 1
88 2
89 3
90 2
91 1
92 1
93 2
94 3
95 2
96 2
97 3
98 3
99 2
100 2
SERVING_TIME_BY_THE_TRUCK 
0 0 
1 2
2 2
3 2
4 5
5 2
6 3
7 5
8 4
9 3
10 2
11 3
12 5
13 3
14 4
15 4
16 4
17 3
18 2
19 5
20 5
21 2
22 3
23 4
24 4
25 4
26 4
27 3
28 4
29 4
30 3
31 5
32 3
33 4
34 2
35 5
36 3
37 3
38 4
39 3
40 3
41 3
42 4
43 4
44 3
45 3
46 5
47 3
48 4
49 4
50 3
51 2
52 3
53 4
54 4
55 5
56 3
57 4
58 4
59 5
60 4
61 4
62 3
63 2
64 3
65 3
66 2
67 3
68 2
69 4
70 4
71 4
72 3
73 2
74 4
75 5
76 2
77 3
78 5
79 5
80 3
81 4
82 5
83 2
84 5
85 3
86 5
87 3
88 2
89 3
90 5
91 5
92 5
93 3
94 3
95 5
96 4
97 5
98 3
99 2
100 4
EOF 
