NAME : Leuven1_N37_b4
DIMENSION : 37
EDGE_WEIGHT_TYPE : EUC_2D  
NODE_COORD_SECTION  
0 700 1000
1 728 1104
2 631 1135
3 508 929
4 471 1158
5 702 1066
6 557 994
7 814 1107
8 561 1029
9 467 1305
10 830 1568
11 1206 1085
12 919 1250
13 560 1554
14 394 1444
15 868 1277
16 583 1276
17 600 1200
18 1139 1186
19 760 1171
20 658 1192
21 849 1367
22 821 1208
23 513 1194
24 484 1286
25 479 1456
26 1198 1020
27 750 1207
28 693 1444
29 270 1346
30 779 1371
31 706 661
32 607 1228
33 806 363
34 393 1674
35 790 349
36 891 374
DEMAND_SECTION  
0 0
1 1
2 2
3 2
4 1
5 1
6 1
7 1
8 2
9 1
10 1
11 1
12 2
13 3
14 2
15 2
16 1
17 2
18 1
19 1
20 1
21 1
22 2
23 1
24 3
25 2
26 1
27 3
28 2
29 2
30 1
31 2
32 3
33 1
34 3
35 1
36 3
SERVING_TIME_BY_THE_TRUCK 
0 0
1 2
2 5
3 4
4 4
5 4
6 4
7 3
8 4
9 4
10 4
11 4
12 3
13 4
14 4
15 3
16 2
17 4
18 3
19 5
20 3
21 5
22 3
23 4
24 4
25 4
26 3
27 2
28 5
29 4
30 4
31 2
32 4
33 3
34 3
35 2
36 3
EOF 
