NAME : Leuven1_N301_c5
DIMENSION : 301
EDGE_WEIGHT_TYPE : EUC_2D  
NODE_COORD_SECTION  
0 700 1000
1 591 966
2 595 1213
3 468 1130
4 625 1052
5 718 1158
6 674 1267
7 654 1291
8 934 1001
9 735 1138
10 577 1094
11 490 1186
12 756 1183
13 660 1266
14 759 1277
15 562 1250
16 452 1116
17 562 1080
18 790 1254
19 689 802
20 585 1180
21 716 1150
22 677 1192
23 951 1042
24 711 1133
25 895 1134
26 948 922
27 903 1074
28 552 1005
29 754 1250
30 788 1044
31 546 1067
32 627 1169
33 776 1194
34 619 1147
35 819 1262
36 626 1124
37 634 1172
38 893 766
39 1086 955
40 627 1584
41 617 1377
42 765 451
43 1012 1254
44 405 1442
45 585 1284
46 886 1289
47 644 1370
48 1159 696
49 1061 1094
50 287 1118
51 758 592
52 409 1221
53 624 1504
54 993 1267
55 707 1317
56 581 1330
57 709 1443
58 1186 1071
59 900 711
60 379 1309
61 589 1418
62 749 1299
63 641 1453
64 425 1349
65 977 1204
66 472 1379
67 870 679
68 765 1305
69 697 1449
70 369 1452
71 632 1411
72 1076 1131
73 779 1371
74 1192 1295
75 881 1337
76 922 1425
77 1093 1153
78 617 479
79 1198 1020
80 884 1190
81 602 1017
82 690 1046
83 662 1165
84 683 1078
85 989 1389
86 845 1092
87 519 1252
88 659 1158
89 832 1160
90 895 1258
91 724 1171
92 491 1237
93 381 1242
94 724 1282
95 660 1243
96 735 1101
97 621 1496
98 453 1012
99 211 1341
100 763 1142
101 663 1387
102 492 1412
103 374 1406
104 322 1252
105 709 1177
106 302 1243
107 529 1099
108 867 1418
109 990 780
110 647 1193
111 703 1145
112 424 1108
113 618 1265
114 1001 1219
115 550 1124
116 525 1376
117 973 962
118 697 1533
119 909 1370
120 633 1213
121 455 1156
122 840 727
123 1185 967
124 896 1348
125 1153 956
126 1174 982
127 587 855
128 421 1185
129 767 1299
130 1170 1142
131 812 1362
132 976 1385
133 729 1265
134 1092 1043
135 556 1232
136 710 1508
137 1034 1381
138 944 1196
139 735 1524
140 949 1285
141 635 1135
142 639 946
143 1031 1202
144 442 1363
145 539 1382
146 664 921
147 695 1013
148 686 1375
149 718 1100
150 656 641
151 720 1299
152 853 691
153 277 1320
154 709 1289
155 436 1248
156 1177 697
157 1012 1402
158 536 1377
159 726 1135
160 622 1188
161 980 1324
162 738 1058
163 847 1282
164 872 1170
165 244 1244
166 745 1233
167 849 742
168 815 1036
169 1085 909
170 590 924
171 904 1112
172 681 1182
173 580 1204
174 518 1003
175 1071 1421
176 876 1270
177 617 1282
178 263 1391
179 437 1383
180 596 1382
181 600 1011
182 891 1268
183 1124 1172
184 539 1392
185 430 1134
186 861 702
187 734 1544
188 628 1579
189 1017 1246
190 475 1481
191 1130 751
192 588 1478
193 468 1241
194 589 1537
195 605 820
196 900 1034
197 431 1349
198 583 1091
199 898 1081
200 819 1092
201 826 1196
202 675 1568
203 919 1250
204 749 1597
205 611 1358
206 665 1398
207 654 937
208 829 1261
209 1014 841
210 826 1531
211 598 1322
212 681 1047
213 576 1261
214 768 1210
215 604 924
216 1042 1201
217 305 1123
218 651 1383
219 884 1070
220 812 1271
221 701 1323
222 616 1202
223 704 1148
224 575 1278
225 627 1047
226 814 833
227 522 1519
228 770 1284
229 840 1029
230 465 1143
231 468 1115
232 891 775
233 1183 1191
234 616 1164
235 888 1004
236 480 1316
237 688 1192
238 729 557
239 837 1289
240 1231 759
241 921 752
242 997 1211
243 454 1237
244 457 1138
245 1014 1295
246 539 1101
247 892 780
248 777 1188
249 576 1569
250 1138 824
251 418 1303
252 603 1341
253 717 1258
254 742 1428
255 842 1308
256 1220 1028
257 452 1532
258 706 661
259 764 567
260 1084 1156
261 718 1223
262 886 1224
263 842 1316
264 1007 1736
265 499 108
266 382 1562
267 771 370
268 1143 1484
269 289 1505
270 314 1646
271 825 1731
272 49 1586
273 229 1392
274 594 1615
275 1009 1601
276 359 1665
277 784 1815
278 942 116
279 794 235
280 912 1727
281 917 150
282 1031 1776
283 826 384
284 1338 1139
285 1026 1882
286 816 1769
287 716 249
288 322 1611
289 329 1617
290 1047 1609
291 309 1503
292 1036 1891
293 79 1508
294 605 56
295 982 1713
296 287 1483
297 551 255
298 1045 1721
299 389 1616
300 571 231
DEMAND_SECTION  
0 0 
1 2
2 2
3 2
4 1
5 3
6 2
7 1
8 1
9 3
10 2
11 1
12 3
13 1
14 1
15 2
16 3
17 1
18 2
19 1
20 3
21 3
22 3
23 1
24 1
25 3
26 2
27 1
28 3
29 3
30 1
31 2
32 1
33 3
34 3
35 3
36 1
37 1
38 1
39 1
40 3
41 2
42 1
43 2
44 1
45 2
46 3
47 1
48 1
49 3
50 1
51 3
52 3
53 3
54 1
55 1
56 2
57 1
58 2
59 3
60 2
61 3
62 2
63 1
64 2
65 1
66 2
67 1
68 1
69 1
70 2
71 2
72 1
73 1
74 2
75 3
76 2
77 1
78 2
79 1
80 1
81 1
82 3
83 1
84 1
85 1
86 1
87 1
88 1
89 1
90 2
91 2
92 3
93 1
94 2
95 3
96 1
97 2
98 1
99 2
100 1
101 2
102 1
103 1
104 1
105 1
106 2
107 1
108 2
109 2
110 2
111 3
112 1
113 2
114 2
115 1
116 2
117 2
118 1
119 1
120 3
121 3
122 1
123 1
124 1
125 1
126 1
127 1
128 1
129 1
130 1
131 1
132 2
133 1
134 2
135 3
136 2
137 1
138 2
139 2
140 3
141 3
142 1
143 1
144 3
145 1
146 3
147 1
148 1
149 3
150 2
151 1
152 3
153 2
154 1
155 2
156 1
157 2
158 1
159 1
160 3
161 3
162 2
163 3
164 3
165 1
166 3
167 1
168 1
169 1
170 1
171 2
172 3
173 2
174 2
175 1
176 1
177 1
178 3
179 1
180 2
181 3
182 2
183 1
184 2
185 2
186 1
187 1
188 2
189 2
190 3
191 1
192 1
193 2
194 2
195 3
196 1
197 2
198 1
199 2
200 1
201 1
202 3
203 2
204 2
205 1
206 1
207 2
208 2
209 1
210 1
211 1
212 2
213 3
214 2
215 1
216 3
217 1
218 2
219 2
220 1
221 2
222 2
223 2
224 1
225 2
226 1
227 3
228 2
229 1
230 3
231 3
232 1
233 2
234 3
235 3
236 2
237 2
238 1
239 3
240 2
241 1
242 2
243 3
244 1
245 2
246 1
247 2
248 1
249 3
250 1
251 1
252 3
253 1
254 1
255 2
256 1
257 2
258 2
259 3
260 2
261 1
262 2
263 1
264 2
265 3
266 2
267 1
268 2
269 1
270 3
271 3
272 3
273 1
274 3
275 1
276 1
277 3
278 1
279 2
280 1
281 3
282 1
283 2
284 2
285 1
286 1
287 1
288 3
289 1
290 1
291 2
292 2
293 1
294 1
295 1
296 2
297 1
298 3
299 1
300 2
SERVING_TIME_BY_THE_TRUCK 
0 0 
1 2
2 3
3 3
4 3
5 3
6 5
7 4
8 3
9 2
10 3
11 2
12 5
13 2
14 3
15 2
16 2
17 4
18 4
19 3
20 3
21 3
22 3
23 2
24 3
25 4
26 5
27 5
28 4
29 4
30 4
31 2
32 3
33 2
34 3
35 5
36 4
37 3
38 5
39 2
40 5
41 5
42 5
43 4
44 4
45 3
46 4
47 4
48 3
49 4
50 5
51 2
52 3
53 3
54 4
55 2
56 3
57 4
58 2
59 3
60 3
61 4
62 3
63 4
64 4
65 3
66 5
67 4
68 3
69 5
70 3
71 3
72 5
73 3
74 4
75 2
76 3
77 4
78 3
79 3
80 3
81 5
82 3
83 4
84 5
85 4
86 4
87 4
88 4
89 5
90 4
91 2
92 5
93 3
94 3
95 5
96 2
97 4
98 5
99 4
100 3
101 4
102 3
103 4
104 4
105 4
106 3
107 3
108 5
109 5
110 3
111 3
112 3
113 4
114 2
115 4
116 4
117 5
118 2
119 5
120 4
121 4
122 3
123 3
124 3
125 3
126 4
127 5
128 3
129 4
130 3
131 4
132 3
133 3
134 3
135 3
136 3
137 3
138 3
139 3
140 3
141 4
142 4
143 5
144 3
145 4
146 5
147 5
148 2
149 2
150 2
151 2
152 2
153 5
154 3
155 4
156 3
157 3
158 4
159 3
160 4
161 3
162 4
163 2
164 4
165 5
166 5
167 2
168 4
169 2
170 5
171 4
172 3
173 4
174 4
175 4
176 4
177 3
178 3
179 5
180 3
181 3
182 3
183 4
184 3
185 4
186 5
187 5
188 3
189 4
190 3
191 4
192 5
193 3
194 3
195 3
196 4
197 2
198 3
199 4
200 5
201 4
202 4
203 3
204 3
205 2
206 5
207 3
208 3
209 4
210 5
211 4
212 4
213 5
214 3
215 4
216 5
217 4
218 4
219 4
220 3
221 3
222 4
223 4
224 3
225 2
226 4
227 4
228 4
229 5
230 4
231 4
232 2
233 5
234 2
235 3
236 5
237 4
238 2
239 4
240 3
241 2
242 3
243 4
244 4
245 3
246 4
247 2
248 4
249 3
250 4
251 3
252 3
253 3
254 4
255 3
256 2
257 5
258 4
259 5
260 3
261 4
262 5
263 3
264 5
265 3
266 3
267 4
268 4
269 4
270 3
271 3
272 5
273 4
274 3
275 3
276 3
277 3
278 3
279 2
280 2
281 3
282 4
283 2
284 2
285 5
286 3
287 2
288 4
289 4
290 3
291 3
292 3
293 5
294 5
295 3
296 4
297 4
298 4
299 5
300 3
EOF 
