NAME : Leuven1_N101_c4
DIMENSION : 101
EDGE_WEIGHT_TYPE : EUC_2D  
NODE_COORD_SECTION  
0 700 1000
1 654 1291
2 674 932
3 794 1164
4 541 1056
5 574 964
6 678 1004
7 951 1042
8 711 1133
9 728 1138
10 683 1147
11 541 969
12 822 824
13 976 1385
14 679 1317
15 601 1421
16 510 1376
17 1005 1447
18 777 1318
19 644 1370
20 767 1579
21 1240 1031
22 367 1201
23 503 1473
24 455 1295
25 1256 1148
26 735 1524
27 423 1172
28 1047 1353
29 753 1552
30 459 1435
31 701 1595
32 627 1351
33 613 682
34 490 1186
35 616 1380
36 1031 1211
37 370 1323
38 858 1475
39 523 1240
40 1071 962
41 526 1222
42 853 691
43 526 1226
44 608 1380
45 831 1235
46 898 1068
47 905 1196
48 812 1535
49 900 1225
50 882 1101
51 645 667
52 625 1052
53 887 1002
54 993 1267
55 812 1362
56 702 1345
57 690 1273
58 631 1327
59 697 1089
60 1115 1424
61 732 1153
62 914 1041
63 1081 1104
64 1001 1431
65 660 1289
66 659 1007
67 1073 978
68 616 1164
69 605 1558
70 625 1041
71 698 1092
72 454 1273
73 609 1437
74 459 1041
75 683 1078
76 863 1054
77 1057 1072
78 751 527
79 324 1242
80 979 785
81 1002 908
82 627 990
83 297 1139
84 570 1555
85 692 1269
86 581 1127
87 458 1282
88 684 1011
89 193 1439
90 873 243
91 954 1617
92 506 1640
93 868 1765
94 798 1783
95 941 177
96 958 83
97 180 1570
98 916 1778
99 229 1468
100 567 367
DEMAND_SECTION  
0 0 
1 1
2 2
3 1
4 1
5 3
6 1
7 1
8 1
9 1
10 1
11 1
12 1
13 2
14 2
15 2
16 2
17 1
18 1
19 1
20 3
21 2
22 1
23 3
24 2
25 1
26 2
27 1
28 3
29 1
30 2
31 1
32 2
33 1
34 1
35 1
36 1
37 1
38 2
39 1
40 3
41 1
42 3
43 2
44 1
45 1
46 2
47 2
48 2
49 3
50 1
51 2
52 1
53 2
54 1
55 1
56 1
57 1
58 1
59 1
60 2
61 1
62 1
63 1
64 2
65 1
66 1
67 1
68 3
69 1
70 2
71 1
72 1
73 1
74 1
75 1
76 1
77 1
78 1
79 3
80 1
81 2
82 3
83 3
84 3
85 3
86 1
87 3
88 3
89 1
90 2
91 1
92 1
93 1
94 1
95 1
96 1
97 2
98 2
99 3
100 2
SERVING_TIME_BY_THE_TRUCK 
0 0 
1 3
2 4
3 3
4 5
5 3
6 3
7 3
8 5
9 3
10 4
11 5
12 3
13 3
14 5
15 5
16 5
17 3
18 5
19 5
20 5
21 4
22 4
23 2
24 4
25 5
26 3
27 3
28 4
29 4
30 2
31 2
32 4
33 4
34 2
35 2
36 4
37 5
38 3
39 4
40 2
41 4
42 3
43 4
44 4
45 2
46 5
47 3
48 5
49 5
50 2
51 2
52 5
53 4
54 3
55 4
56 3
57 4
58 2
59 4
60 4
61 4
62 4
63 2
64 5
65 3
66 4
67 3
68 3
69 4
70 3
71 4
72 4
73 3
74 4
75 2
76 5
77 3
78 5
79 4
80 4
81 3
82 3
83 4
84 3
85 5
86 3
87 4
88 5
89 3
90 5
91 4
92 4
93 3
94 3
95 3
96 2
97 4
98 2
99 3
100 4
EOF 
