NAME : Leuven1_N19_a2
DIMENSION : 19
EDGE_WEIGHT_TYPE : EUC_2D  
NODE_COORD_SECTION  
0 700 1000
1 733 1259
2 850 1027
3 732 1153
4 933 1047
5 616 1385
6 513 1201
7 695 1372
8 751 1346
9 1071 690
10 956 1307
11 735 1101
12 651 1383
13 431 1263
14 1178 759
15 703 1517
16 706 1157
17 658 197
18 604 1631
DEMAND_SECTION  
0 0
1 1
2 2
3 1
4 1
5 3
6 1
7 3
8 3
9 2
10 2
11 1
12 2
13 1
14 1
15 1
16 3
17 1
18 3
SERVING_TIME_BY_THE_TRUCK 
0 0
1 3
2 4
3 2
4 4
5 3
6 3
7 2
8 2
9 3
10 2
11 3
12 3
13 3
14 4
15 4
16 3
17 4
18 3
EOF 
