NAME : Leuven1_N101_c1
DIMENSION : 101
EDGE_WEIGHT_TYPE : EUC_2D  
NODE_COORD_SECTION  
0 700 1000
1 507 1198
2 817 1120
3 872 1073
4 788 1044
5 819 1092
6 928 1184
7 724 1171
8 846 1077
9 669 1194
10 849 777
11 758 1273
12 650 1055
13 1166 1085
14 536 1283
15 367 1201
16 858 727
17 737 1325
18 884 1069
19 683 1078
20 674 1267
21 572 1438
22 618 1532
23 653 1338
24 997 1211
25 686 1303
26 595 1070
27 928 851
28 617 1282
29 574 1279
30 726 1177
31 686 1279
32 1251 782
33 455 1053
34 746 1521
35 338 1278
36 503 1325
37 634 1292
38 394 1444
39 1026 1315
40 842 1374
41 898 1292
42 628 1112
43 924 1065
44 516 1104
45 858 1333
46 1192 1089
47 633 1383
48 431 1176
49 523 1240
50 850 1027
51 864 1382
52 644 901
53 664 1516
54 914 1060
55 594 1181
56 572 1570
57 549 1154
58 1126 940
59 977 1351
60 1163 979
61 656 1101
62 413 1211
63 621 1496
64 243 1311
65 613 1247
66 972 1076
67 705 1117
68 896 712
69 539 1178
70 453 1329
71 461 1305
72 868 1277
73 688 1192
74 929 1139
75 450 1155
76 645 1378
77 670 1160
78 611 1358
79 562 1022
80 660 1266
81 647 1312
82 842 1316
83 438 1120
84 699 1472
85 840 727
86 1168 731
87 1154 1106
88 914 1152
89 898 1714
90 602 1671
91 806 363
92 867 236
93 175 1352
94 814 1773
95 453 1589
96 720 269
97 1100 1822
98 116 1516
99 1021 1828
100 475 44
DEMAND_SECTION  
0 0 
1 1
2 1
3 2
4 1
5 1
6 1
7 2
8 1
9 2
10 1
11 3
12 1
13 1
14 1
15 1
16 2
17 1
18 2
19 1
20 2
21 1
22 1
23 1
24 2
25 2
26 1
27 2
28 1
29 1
30 1
31 2
32 3
33 2
34 1
35 1
36 1
37 1
38 2
39 1
40 2
41 1
42 1
43 1
44 1
45 1
46 1
47 2
48 2
49 1
50 2
51 1
52 3
53 1
54 3
55 1
56 3
57 3
58 1
59 1
60 1
61 1
62 2
63 2
64 1
65 1
66 3
67 2
68 1
69 3
70 1
71 1
72 2
73 2
74 1
75 3
76 1
77 1
78 1
79 1
80 1
81 1
82 1
83 2
84 1
85 1
86 3
87 2
88 1
89 3
90 1
91 1
92 1
93 1
94 1
95 1
96 1
97 3
98 3
99 3
100 1
SERVING_TIME_BY_THE_TRUCK 
0 0 
1 3
2 5
3 4
4 3
5 4
6 5
7 4
8 4
9 4
10 4
11 3
12 4
13 3
14 5
15 5
16 5
17 3
18 2
19 4
20 2
21 3
22 3
23 3
24 2
25 2
26 4
27 3
28 2
29 2
30 4
31 3
32 4
33 4
34 4
35 3
36 4
37 3
38 5
39 4
40 3
41 4
42 2
43 4
44 3
45 3
46 5
47 4
48 2
49 4
50 5
51 3
52 2
53 4
54 3
55 4
56 3
57 3
58 5
59 4
60 5
61 3
62 4
63 3
64 4
65 3
66 5
67 3
68 4
69 4
70 3
71 4
72 4
73 4
74 4
75 3
76 5
77 3
78 3
79 4
80 2
81 3
82 4
83 2
84 4
85 2
86 4
87 2
88 2
89 4
90 2
91 5
92 3
93 3
94 4
95 2
96 4
97 4
98 5
99 4
100 2
EOF 
