NAME : Leuven1_N28_c4
DIMENSION : 28
EDGE_WEIGHT_TYPE : EUC_2D  
NODE_COORD_SECTION  
0 700 1000
1 822 740
2 863 1029
3 556 1232
4 513 1297
5 1022 1293
6 588 1338
7 587 855
8 660 1289
9 869 1328
10 863 1169
11 737 1279
12 910 1282
13 1159 696
14 659 1158
15 919 1115
16 497 1288
17 765 1270
18 526 1138
19 662 1109
20 505 818
21 466 1164
22 503 1133
23 803 1307
24 697 1449
25 926 45
26 877 1719
27 229 1392
DEMAND_SECTION  
0 0 
1 2
2 1
3 3
4 2
5 1
6 2
7 1
8 1
9 3
10 1
11 2
12 1
13 1
14 1
15 1
16 2
17 1
18 1
19 2
20 1
21 3
22 1
23 1
24 1
25 1
26 2
27 1
SERVING_TIME_BY_THE_TRUCK 
0 0 
1 3
2 5
3 4
4 4
5 4
6 4
7 3
8 4
9 3
10 4
11 4
12 2
13 4
14 5
15 3
16 3
17 4
18 4
19 5
20 5
21 2
22 4
23 4
24 5
25 3
26 2
27 5
EOF 
