NAME : Leuven1_N25_c5
DIMENSION : 25
EDGE_WEIGHT_TYPE : EUC_2D  
NODE_COORD_SECTION  
0 700 1000
1 617 1227
2 605 820
3 889 1088
4 711 1470
5 993 1183
6 723 1262
7 588 1478
8 526 1226
9 1131 1161
10 992 1047
11 1085 909
12 697 1276
13 580 1576
14 1131 993
15 863 1169
16 901 629
17 731 1318
18 702 1147
19 759 1489
20 701 1595
21 730 1318
22 617 1611
23 448 1656
24 829 1726
DEMAND_SECTION  
0 0 
1 2
2 3
3 1
4 3
5 1
6 3
7 1
8 2
9 1
10 1
11 1
12 1
13 1
14 2
15 1
16 1
17 1
18 3
19 2
20 1
21 1
22 2
23 1
24 3
SERVING_TIME_BY_THE_TRUCK 
0 0 
1 4
2 4
3 4
4 5
5 3
6 4
7 5
8 3
9 2
10 3
11 3
12 4
13 2
14 3
15 4
16 5
17 3
18 2
19 5
20 5
21 3
22 3
23 3
24 4
EOF 
