NAME : Leuven1_N34_a1
DIMENSION : 34
EDGE_WEIGHT_TYPE : EUC_2D  
NODE_COORD_SECTION  
0 700 1000
1 953 932
2 587 855
3 599 1046
4 428 1005
5 997 1211
6 744 1108
7 659 1234
8 734 1275
9 689 1329
10 648 1159
11 695 1108
12 482 1170
13 676 1527
14 597 1545
15 793 1189
16 906 1105
17 628 1579
18 570 1555
19 810 1227
20 555 1228
21 652 1163
22 613 1548
23 876 1047
24 258 1398
25 571 1188
26 1029 943
27 747 1384
28 699 1440
29 459 1356
30 499 108
31 571 252
32 505 1581
33 1012 1864
DEMAND_SECTION  
0 0
1 3
2 1
3 1
4 2
5 2
6 3
7 2
8 2
9 2
10 1
11 3
12 2
13 1
14 1
15 3
16 1
17 2
18 3
19 3
20 2
21 1
22 1
23 1
24 1
25 1
26 3
27 2
28 3
29 3
30 3
31 3
32 3
33 1
SERVING_TIME_BY_THE_TRUCK 
0 0
1 3
2 5
3 4
4 5
5 4
6 4
7 3
8 5
9 3
10 3
11 5
12 4
13 3
14 5
15 4
16 5
17 4
18 3
19 3
20 5
21 3
22 2
23 4
24 2
25 4
26 5
27 4
28 4
29 3
30 4
31 4
32 3
33 3
EOF 
