NAME : Leuven1_N31_b5
DIMENSION : 31
EDGE_WEIGHT_TYPE : EUC_2D  
NODE_COORD_SECTION  
0 700 1000
1 704 1005
2 634 1201
3 560 1145
4 861 911
5 728 1104
6 562 1373
7 763 1319
8 660 1355
9 1164 1028
10 1168 731
11 431 1263
12 702 1345
13 604 1424
14 513 1297
15 1084 1156
16 681 1136
17 461 1305
18 854 1330
19 399 1339
20 599 1190
21 626 1339
22 866 1210
23 468 1241
24 605 1558
25 313 1187
26 515 1281
27 569 672
28 618 338
29 77 1563
30 359 1665
DEMAND_SECTION  
0 0
1 1
2 3
3 1
4 1
5 1
6 2
7 3
8 1
9 1
10 3
11 1
12 1
13 1
14 2
15 2
16 1
17 1
18 1
19 2
20 2
21 1
22 2
23 2
24 1
25 2
26 2
27 1
28 1
29 1
30 1
SERVING_TIME_BY_THE_TRUCK 
0 0
1 5
2 3
3 4
4 4
5 3
6 3
7 4
8 2
9 2
10 3
11 4
12 3
13 4
14 2
15 5
16 4
17 5
18 5
19 4
20 3
21 5
22 5
23 3
24 3
25 2
26 4
27 4
28 3
29 3
30 5
EOF 
