NAME : Leuven1_N37_c5
DIMENSION : 37
EDGE_WEIGHT_TYPE : EUC_2D  
NODE_COORD_SECTION  
0 700 1000
1 679 1217
2 920 1105
3 675 1139
4 634 1172
5 763 1319
6 829 1295
7 520 1313
8 821 1542
9 841 1315
10 431 1275
11 987 1468
12 961 759
13 599 1509
14 977 1204
15 626 1339
16 620 1497
17 744 1127
18 1043 736
19 891 1188
20 801 1097
21 918 949
22 737 1325
23 1121 1151
24 787 1333
25 567 1497
26 861 1286
27 930 961
28 1126 940
29 662 1009
30 378 1447
31 1148 773
32 501 974
33 947 21
34 111 1508
35 790 349
36 865 1844
DEMAND_SECTION  
0 0 
1 1
2 1
3 1
4 1
5 3
6 2
7 1
8 1
9 1
10 1
11 3
12 1
13 2
14 1
15 1
16 1
17 2
18 3
19 3
20 3
21 3
22 1
23 1
24 3
25 1
26 1
27 2
28 1
29 1
30 1
31 2
32 3
33 3
34 2
35 1
36 3
SERVING_TIME_BY_THE_TRUCK 
0 0 
1 3
2 3
3 2
4 3
5 3
6 3
7 5
8 2
9 2
10 3
11 4
12 3
13 4
14 2
15 3
16 4
17 3
18 4
19 4
20 3
21 5
22 4
23 3
24 5
25 4
26 3
27 3
28 4
29 3
30 2
31 4
32 5
33 5
34 4
35 5
36 3
EOF 
