NAME : Leuven1_N37_a1
DIMENSION : 37
EDGE_WEIGHT_TYPE : EUC_2D  
NODE_COORD_SECTION  
0 700 1000
1 812 1271
2 587 838
3 866 1103
4 768 1177
5 660 890
6 575 1278
7 927 1188
8 629 1288
9 729 1103
10 599 1046
11 640 1238
12 746 1387
13 863 1119
14 403 1471
15 1220 1028
16 693 1327
17 549 1462
18 604 1456
19 614 1343
20 627 1584
21 650 1189
22 1066 780
23 742 1002
24 865 1368
25 641 1453
26 975 1295
27 705 1117
28 763 1216
29 752 1160
30 618 1532
31 566 1259
32 604 1191
33 468 1571
34 518 274
35 138 1549
36 1194 655
DEMAND_SECTION  
0 0
1 1
2 1
3 2
4 3
5 1
6 1
7 1
8 1
9 2
10 1
11 3
12 1
13 1
14 2
15 1
16 1
17 2
18 2
19 2
20 3
21 1
22 2
23 2
24 1
25 1
26 3
27 2
28 2
29 3
30 1
31 1
32 1
33 1
34 2
35 2
36 2
SERVING_TIME_BY_THE_TRUCK 
0 0
1 5
2 2
3 4
4 3
5 5
6 3
7 3
8 3
9 2
10 4
11 4
12 4
13 2
14 4
15 3
16 4
17 2
18 3
19 5
20 2
21 5
22 3
23 4
24 2
25 4
26 4
27 4
28 3
29 3
30 4
31 3
32 3
33 2
34 4
35 2
36 2
EOF 
