NAME : Leuven1_N22_a5
DIMENSION : 22
EDGE_WEIGHT_TYPE : EUC_2D  
NODE_COORD_SECTION  
0 700 1000
1 801 1109
2 768 1124
3 626 1124
4 684 935
5 910 1280
6 758 1163
7 755 1132
8 1148 697
9 459 1435
10 819 1112
11 461 1305
12 620 1497
13 699 1553
14 622 1188
15 590 1232
16 338 1144
17 1019 1292
18 1145 1086
19 586 1345
20 683 1622
21 23 1576
DEMAND_SECTION  
0 0
1 1
2 1
3 1
4 1
5 2
6 2
7 3
8 1
9 2
10 1
11 1
12 1
13 1
14 3
15 2
16 3
17 2
18 1
19 2
20 1
21 1
SERVING_TIME_BY_THE_TRUCK 
0 0
1 3
2 2
3 4
4 5
5 5
6 4
7 2
8 4
9 3
10 4
11 5
12 3
13 4
14 4
15 2
16 2
17 4
18 4
19 3
20 3
21 4
EOF 
